@lambda, lum*lambda/F, npackets
  0.005 0.0000e+00 0.0000e+00 
  0.006 0.0000e+00 0.0000e+00 
  0.006 0.0000e+00 0.0000e+00 
  0.007 0.0000e+00 0.0000e+00 
  0.008 0.0000e+00 0.0000e+00 
  0.009 0.0000e+00 0.0000e+00 
  0.010 0.0000e+00 0.0000e+00 
  0.011 0.0000e+00 0.0000e+00 
  0.012 0.0000e+00 0.0000e+00 
  0.014 0.0000e+00 0.0000e+00 
  0.016 0.0000e+00 0.0000e+00 
  0.017 0.0000e+00 0.0000e+00 
  0.019 0.0000e+00 0.0000e+00 
  0.022 0.0000e+00 0.0000e+00 
  0.024 0.0000e+00 0.0000e+00 
  0.027 0.0000e+00 0.0000e+00 
  0.031 0.0000e+00 0.0000e+00 
  0.034 0.0000e+00 0.0000e+00 
  0.038 0.0000e+00 0.0000e+00 
  0.043 0.0000e+00 0.0000e+00 
  0.048 0.0000e+00 0.0000e+00 
  0.054 0.0000e+00 0.0000e+00 
  0.060 0.0000e+00 0.0000e+00 
  0.068 0.0000e+00 0.0000e+00 
  0.076 0.0000e+00 0.0000e+00 
  0.085 0.0000e+00 0.0000e+00 
  0.095 0.0000e+00 0.0000e+00 
  0.106 0.0000e+00 0.0000e+00 
  0.119 0.0000e+00 0.0000e+00 
  0.134 0.0000e+00 0.0000e+00 
  0.150 0.0000e+00 0.0000e+00 
  0.167 0.0000e+00 0.0000e+00 
  0.188 0.0000e+00 0.0000e+00 
  0.210 0.0000e+00 0.0000e+00 
  0.235 0.0000e+00 0.0000e+00 
  0.263 0.0000e+00 0.0000e+00 
  0.295 0.0000e+00 0.0000e+00 
  0.330 0.0000e+00 0.0000e+00 
  0.370 0.0000e+00 0.0000e+00 
  0.414 8.8238e-08 1.0000e+00 
  0.464 6.1766e-07 7.0000e+00 
  0.520 1.2353e-06 1.4000e+01 
  0.582 2.8236e-06 3.2000e+01 
  0.652 6.0884e-06 6.9000e+01 
  0.730 9.0885e-06 7.6000e+01 
  0.818 1.3853e-05 0.0000e+00 
  0.916 1.6589e-05 0.0000e+00 
  1.026 5.8148e-05 0.0000e+00 
  1.149 4.9581e-04 0.0000e+00 
  1.286 2.3295e-03 0.0000e+00 
  1.441 6.7699e-03 0.0000e+00 
  1.614 1.4919e-02 0.0000e+00 
  1.807 2.5016e-02 0.0000e+00 
  2.024 3.6377e-02 0.0000e+00 
  2.267 4.7979e-02 0.0000e+00 
  2.538 5.4824e-02 0.0000e+00 
  2.843 6.0928e-02 0.0000e+00 
  3.184 6.0816e-02 0.0000e+00 
  3.566 6.0849e-02 0.0000e+00 
  3.993 5.5554e-02 0.0000e+00 
  4.472 5.0207e-02 0.0000e+00 
  5.008 4.5164e-02 0.0000e+00 
  5.609 3.7863e-02 0.0000e+00 
  6.282 3.2447e-02 0.0000e+00 
  7.035 2.6052e-02 0.0000e+00 
  7.879 2.1613e-02 0.0000e+00 
  8.824 1.6825e-02 0.0000e+00 
  9.882 1.3551e-02 0.0000e+00 
 11.068 1.0304e-02 0.0000e+00 
 12.395 7.9539e-03 0.0000e+00 
 13.882 6.2289e-03 0.0000e+00 
 15.546 4.6258e-03 0.0000e+00 
 17.411 3.5608e-03 0.0000e+00 
 19.499 2.6135e-03 0.0000e+00 
 21.838 1.9845e-03 0.0000e+00 
 24.457 1.4285e-03 0.0000e+00 
 27.390 1.0782e-03 0.0000e+00 
 30.675 7.7393e-04 0.0000e+00 
 34.354 5.7143e-04 0.0000e+00 
 38.474 4.2575e-04 0.0000e+00 
 43.089 3.0345e-04 0.0000e+00 
 48.256 2.2536e-04 0.0000e+00 
 54.044 1.6042e-04 0.0000e+00 
 60.526 1.1718e-04 0.0000e+00 
 67.785 8.2061e-05 0.0000e+00 
 75.915 6.0531e-05 0.0000e+00 
 85.019 4.3237e-05 0.0000e+00 
 95.216 3.1854e-05 0.0000e+00 
106.636 2.3030e-05 0.0000e+00 
119.425 1.5883e-05 0.0000e+00 
133.748 1.1647e-05 0.0000e+00 
149.789 8.2061e-06 0.0000e+00 
167.754 6.1766e-06 0.0000e+00 
187.873 4.0589e-06 0.0000e+00 
210.406 3.1766e-06 0.0000e+00 
235.640 2.2059e-06 0.0000e+00 
263.902 1.5000e-06 0.0000e+00 
295.552 1.1471e-06 0.0000e+00 
330.999 7.9414e-07 0.0000e+00 
370.697 5.2943e-07 0.0000e+00 
415.156 4.4119e-07 0.0000e+00 
464.948 2.6471e-07 0.0000e+00 
520.711 2.6471e-07 0.0000e+00 
583.162 4.4119e-07 0.0000e+00 
653.102 0.0000e+00 0.0000e+00 
731.432 0.0000e+00 0.0000e+00 
819.155 0.0000e+00 0.0000e+00 
917.400 0.0000e+00 0.0000e+00 
1027.427 0.0000e+00 0.0000e+00 
1150.650 0.0000e+00 0.0000e+00 
1288.653 0.0000e+00 0.0000e+00 
1443.206 0.0000e+00 0.0000e+00 
1616.295 0.0000e+00 0.0000e+00 
1810.144 0.0000e+00 0.0000e+00 
2027.242 0.0000e+00 0.0000e+00 
2270.377 0.0000e+00 0.0000e+00 
2542.672 0.0000e+00 0.0000e+00 
2847.625 0.0000e+00 0.0000e+00 
3189.152 0.0000e+00 0.0000e+00 
3571.639 0.0000e+00 0.0000e+00 
4000.000 0.0000e+00 0.0000e+00 
