  0.00 1.3308e-04
  1.00 1.3308e-04
  2.00 2.6616e-04
  3.00 3.9923e-04
  4.00 5.3231e-04
  5.00 6.6539e-04
  6.00 7.9847e-04
  7.00 9.3154e-04
  8.00 1.0646e-03
  9.00 1.1977e-03
 10.00 1.3308e-03
 11.00 1.4639e-03
 12.00 1.5969e-03
 13.00 1.7300e-03
 14.00 1.8631e-03
 15.00 1.9962e-03
 16.00 2.1292e-03
 17.00 2.2623e-03
 18.00 2.3954e-03
 19.00 2.5285e-03
 20.00 2.6616e-03
 21.00 2.7946e-03
 22.00 2.9277e-03
 23.00 3.0608e-03
 24.00 3.1939e-03
 25.00 3.3269e-03
 26.00 3.4600e-03
 27.00 3.5931e-03
 28.00 3.7262e-03
 29.00 3.8593e-03
 30.00 3.9923e-03
 31.00 4.1254e-03
 32.00 4.2585e-03
 33.00 4.3916e-03
 34.00 4.5246e-03
 35.00 4.6577e-03
 36.00 4.7908e-03
 37.00 4.9239e-03
 38.00 5.0570e-03
 39.00 5.1900e-03
 40.00 5.3231e-03
 41.00 5.4562e-03
 42.00 5.5893e-03
 43.00 5.7223e-03
 44.00 5.8554e-03
 45.00 5.9885e-03
 46.00 6.1216e-03
 47.00 6.2547e-03
 48.00 6.3877e-03
 49.00 6.5208e-03
 50.00 6.6539e-03
 51.00 6.7870e-03
 52.00 6.9200e-03
 53.00 7.0531e-03
 54.00 7.1862e-03
 55.00 7.3193e-03
 56.00 7.4524e-03
 57.00 7.5854e-03
 58.00 7.7185e-03
 59.00 7.8516e-03
 60.00 7.9847e-03
 61.00 8.1177e-03
 62.00 8.2508e-03
 63.00 8.3839e-03
 64.00 8.5170e-03
 65.00 8.6501e-03
 66.00 8.7831e-03
 67.00 8.9162e-03
 68.00 9.0493e-03
 69.00 9.1824e-03
 70.00 9.3154e-03
 71.00 9.4485e-03
 72.00 9.5816e-03
 73.00 9.7147e-03
 74.00 9.8478e-03
 75.00 9.9808e-03
 76.00 1.0114e-02
 77.00 1.0247e-02
 78.00 1.0380e-02
 79.00 1.0513e-02
 80.00 1.0646e-02
 81.00 1.0779e-02
 82.00 1.0912e-02
 83.00 1.1045e-02
 84.00 1.1179e-02
 85.00 1.1312e-02
 86.00 1.1445e-02
 87.00 1.1578e-02
 88.00 1.1711e-02
 89.00 1.1844e-02
 90.00 1.1977e-02
 91.00 1.2110e-02
 92.00 1.2243e-02
 93.00 1.2376e-02
 94.00 1.2509e-02
 95.00 1.2642e-02
 96.00 1.2775e-02
 97.00 1.2909e-02
 98.00 1.3042e-02
 99.00 1.3175e-02
100.00 1.3308e-02
101.00 1.3441e-02
102.00 1.3574e-02
103.00 1.3707e-02
104.00 1.3840e-02
105.00 1.3973e-02
106.00 1.4106e-02
107.00 1.4239e-02
108.00 1.4372e-02
109.00 1.4505e-02
110.00 1.4639e-02
111.00 1.4772e-02
112.00 1.4905e-02
113.00 1.5038e-02
114.00 1.5171e-02
115.00 1.5304e-02
116.00 1.5437e-02
117.00 1.5570e-02
118.00 1.5703e-02
119.00 1.5836e-02
120.00 1.5969e-02
121.00 1.6102e-02
122.00 1.6235e-02
123.00 1.6369e-02
124.00 1.6502e-02
125.00 1.6635e-02
126.00 1.6768e-02
127.00 1.6901e-02
128.00 1.7034e-02
129.00 1.7167e-02
130.00 1.7300e-02
131.00 1.7433e-02
132.00 1.7566e-02
133.00 1.7699e-02
134.00 1.7832e-02
135.00 1.7966e-02
136.00 1.8099e-02
137.00 1.8232e-02
138.00 1.8365e-02
139.00 1.8498e-02
140.00 1.8631e-02
141.00 1.8764e-02
142.00 1.8897e-02
143.00 1.9030e-02
144.00 1.9163e-02
145.00 1.9296e-02
146.00 1.9429e-02
147.00 1.9562e-02
148.00 1.9696e-02
149.00 1.9829e-02
150.00 1.9962e-02
151.00 2.0095e-02
152.00 2.0228e-02
153.00 2.0361e-02
154.00 2.0494e-02
155.00 2.0627e-02
156.00 2.0760e-02
157.00 2.0893e-02
158.00 2.1026e-02
159.00 2.1159e-02
160.00 2.1292e-02
161.00 2.1426e-02
162.00 2.1559e-02
163.00 2.1692e-02
164.00 2.1825e-02
165.00 2.1958e-02
166.00 2.2091e-02
167.00 2.2224e-02
168.00 2.2357e-02
169.00 2.2490e-02
170.00 2.2623e-02
171.00 2.2756e-02
172.00 2.2889e-02
173.00 2.3022e-02
174.00 2.3156e-02
175.00 2.3289e-02
176.00 2.3422e-02
177.00 2.3555e-02
178.00 2.3688e-02
179.00 2.3821e-02
180.00 2.3954e-02
181.00 2.4087e-02
182.00 2.4220e-02
183.00 2.4353e-02
184.00 2.4486e-02
185.00 2.4619e-02
186.00 2.4752e-02
187.00 2.4886e-02
188.00 2.5019e-02
189.00 2.5152e-02
190.00 2.5285e-02
191.00 2.5418e-02
192.00 2.5551e-02
193.00 2.5684e-02
194.00 2.5817e-02
195.00 2.5950e-02
196.00 2.6083e-02
197.00 2.6216e-02
198.00 2.6349e-02
199.00 2.6482e-02
200.00 2.6616e-02
201.00 2.6749e-02
202.00 2.6882e-02
203.00 2.7015e-02
204.00 2.7148e-02
205.00 2.7281e-02
206.00 2.7414e-02
207.00 2.7547e-02
208.00 2.7680e-02
209.00 2.7813e-02
210.00 2.7946e-02
211.00 2.8079e-02
212.00 2.8212e-02
213.00 2.8346e-02
214.00 2.8479e-02
215.00 2.8612e-02
216.00 2.8745e-02
217.00 2.8878e-02
218.00 2.9011e-02
219.00 2.9144e-02
220.00 2.9277e-02
221.00 2.9410e-02
222.00 2.9543e-02
223.00 2.9676e-02
224.00 2.9809e-02
225.00 2.9943e-02
226.00 3.0076e-02
227.00 3.0209e-02
228.00 3.0342e-02
229.00 3.0475e-02
230.00 3.0608e-02
231.00 3.0741e-02
232.00 3.0874e-02
233.00 3.1007e-02
234.00 3.1140e-02
235.00 3.1273e-02
236.00 3.1406e-02
237.00 3.1539e-02
238.00 3.1673e-02
239.00 3.1806e-02
240.00 3.1939e-02
241.00 3.2072e-02
242.00 3.2205e-02
243.00 3.2338e-02
244.00 3.2471e-02
245.00 3.2604e-02
246.00 3.2737e-02
247.00 3.2870e-02
248.00 3.3003e-02
249.00 3.3136e-02
250.00 3.3269e-02
251.00 3.3403e-02
252.00 3.3536e-02
253.00 3.3669e-02
254.00 3.3802e-02
255.00 3.3935e-02
256.00 3.4068e-02
257.00 3.4201e-02
258.00 3.4334e-02
259.00 3.4467e-02
260.00 3.4600e-02
261.00 3.4733e-02
262.00 3.4866e-02
263.00 3.4999e-02
264.00 3.5133e-02
265.00 3.5266e-02
266.00 3.5399e-02
267.00 3.5532e-02
268.00 3.5665e-02
269.00 3.5798e-02
270.00 3.5931e-02
271.00 3.6064e-02
272.00 3.6197e-02
273.00 3.6330e-02
274.00 3.6463e-02
275.00 3.6596e-02
276.00 3.6729e-02
277.00 3.6863e-02
278.00 3.6996e-02
279.00 3.7129e-02
280.00 3.7262e-02
281.00 3.7395e-02
282.00 3.7528e-02
283.00 3.7661e-02
284.00 3.7794e-02
285.00 3.7927e-02
286.00 3.8060e-02
287.00 3.8193e-02
288.00 3.8326e-02
289.00 3.8459e-02
290.00 3.8593e-02
291.00 3.8726e-02
292.00 3.8859e-02
293.00 3.8992e-02
294.00 3.9125e-02
295.00 3.9258e-02
296.00 3.9391e-02
297.00 3.9524e-02
298.00 3.9657e-02
299.00 3.9790e-02
300.00 3.9923e-02
301.00 4.0056e-02
302.00 4.0190e-02
303.00 4.0323e-02
304.00 4.0456e-02
305.00 4.0589e-02
306.00 4.0722e-02
307.00 4.0855e-02
308.00 4.0988e-02
309.00 4.1121e-02
310.00 4.1254e-02
311.00 4.1387e-02
312.00 4.1520e-02
313.00 4.1653e-02
314.00 4.1786e-02
315.00 4.1920e-02
316.00 4.2053e-02
317.00 4.2186e-02
318.00 4.2319e-02
319.00 4.2452e-02
320.00 4.2585e-02
321.00 4.2718e-02
322.00 4.2851e-02
323.00 4.2984e-02
324.00 4.3117e-02
325.00 4.3250e-02
326.00 4.3383e-02
327.00 4.3516e-02
328.00 4.3650e-02
329.00 4.3783e-02
330.00 4.3916e-02
331.00 4.4049e-02
332.00 4.4182e-02
333.00 4.4315e-02
334.00 4.4448e-02
335.00 4.4581e-02
336.00 4.4714e-02
337.00 4.4847e-02
338.00 4.4980e-02
339.00 4.5113e-02
340.00 4.5246e-02
341.00 4.5380e-02
342.00 4.5513e-02
343.00 4.5646e-02
344.00 4.5779e-02
345.00 4.5912e-02
346.00 4.6045e-02
347.00 4.6178e-02
348.00 4.6311e-02
349.00 4.6444e-02
350.00 4.6577e-02
351.00 4.6710e-02
352.00 4.6843e-02
353.00 4.6976e-02
354.00 4.7110e-02
355.00 4.7243e-02
356.00 4.7376e-02
357.00 4.7509e-02
358.00 4.7642e-02
359.00 4.7775e-02
360.00 4.7908e-02
361.00 4.8041e-02
362.00 4.8174e-02
363.00 4.8307e-02
364.00 4.8440e-02
365.00 4.8573e-02
366.00 4.8706e-02
367.00 4.8840e-02
368.00 4.8973e-02
369.00 4.9106e-02
370.00 4.9239e-02
371.00 4.9372e-02
372.00 4.9505e-02
373.00 4.9638e-02
374.00 4.9771e-02
375.00 4.9904e-02
376.00 5.0037e-02
377.00 5.0170e-02
378.00 5.0303e-02
379.00 5.0436e-02
380.00 5.0570e-02
381.00 5.0703e-02
382.00 5.0836e-02
383.00 5.0969e-02
384.00 5.1102e-02
385.00 5.1235e-02
386.00 5.1368e-02
387.00 5.1501e-02
388.00 5.1634e-02
389.00 5.1767e-02
390.00 5.1900e-02
391.00 5.2033e-02
392.00 5.2167e-02
393.00 5.2300e-02
394.00 5.2433e-02
395.00 5.2566e-02
396.00 5.2699e-02
397.00 5.2832e-02
398.00 5.2965e-02
399.00 5.3098e-02
400.00 5.3231e-02
401.00 5.3364e-02
402.00 5.3497e-02
403.00 5.3630e-02
404.00 5.3763e-02
405.00 5.3897e-02
406.00 5.4030e-02
407.00 5.4163e-02
408.00 5.4296e-02
409.00 5.4429e-02
410.00 5.4562e-02
411.00 5.4695e-02
412.00 5.4828e-02
413.00 5.4961e-02
414.00 5.5094e-02
415.00 5.5227e-02
416.00 5.5360e-02
417.00 5.5493e-02
418.00 5.5627e-02
419.00 5.5760e-02
420.00 5.5893e-02
421.00 5.6026e-02
422.00 5.6159e-02
423.00 5.6292e-02
424.00 5.6425e-02
425.00 5.6558e-02
426.00 5.6691e-02
427.00 5.6824e-02
428.00 5.6957e-02
429.00 5.7090e-02
430.00 5.7223e-02
431.00 5.7357e-02
432.00 5.7490e-02
433.00 5.7623e-02
434.00 5.7756e-02
435.00 5.7889e-02
436.00 5.8022e-02
437.00 5.8155e-02
438.00 5.8288e-02
439.00 5.8421e-02
440.00 5.8554e-02
441.00 5.8687e-02
442.00 5.8820e-02
443.00 5.8953e-02
444.00 5.9087e-02
445.00 5.9220e-02
446.00 5.9353e-02
447.00 5.9486e-02
448.00 5.9619e-02
449.00 5.9752e-02
450.00 5.9885e-02
451.00 6.0018e-02
452.00 6.0151e-02
453.00 6.0284e-02
454.00 6.0417e-02
455.00 6.0550e-02
456.00 6.0683e-02
457.00 6.0817e-02
458.00 6.0950e-02
459.00 6.1083e-02
460.00 6.1216e-02
461.00 6.1349e-02
462.00 6.1482e-02
463.00 6.1615e-02
464.00 6.1748e-02
465.00 6.1881e-02
466.00 6.2014e-02
467.00 6.2147e-02
468.00 6.2280e-02
469.00 6.2413e-02
470.00 6.2547e-02
471.00 6.2680e-02
472.00 6.2813e-02
473.00 6.2946e-02
474.00 6.3079e-02
475.00 6.3212e-02
476.00 6.3345e-02
477.00 6.3478e-02
478.00 6.3611e-02
479.00 6.3744e-02
480.00 6.3877e-02
481.00 6.4010e-02
482.00 6.4144e-02
483.00 6.4277e-02
484.00 6.4410e-02
485.00 6.4543e-02
486.00 6.4676e-02
487.00 6.4809e-02
488.00 6.4942e-02
489.00 6.5075e-02
490.00 6.5208e-02
491.00 6.5341e-02
492.00 6.5474e-02
493.00 6.5607e-02
494.00 6.5740e-02
495.00 6.5874e-02
496.00 6.6007e-02
497.00 6.6140e-02
498.00 6.6273e-02
499.00 6.6406e-02
500.00 6.6539e-02
501.00 6.6672e-02
502.00 6.6805e-02
503.00 6.6938e-02
504.00 6.7071e-02
505.00 6.7204e-02
506.00 6.7337e-02
507.00 6.7470e-02
508.00 6.7604e-02
509.00 6.7737e-02
510.00 6.7870e-02
511.00 6.8003e-02
512.00 6.8136e-02
513.00 6.8269e-02
514.00 6.8402e-02
515.00 6.8535e-02
516.00 6.8668e-02
517.00 6.8801e-02
518.00 6.8934e-02
519.00 6.9067e-02
520.00 6.9200e-02
521.00 6.9334e-02
522.00 6.9467e-02
523.00 6.9600e-02
524.00 6.9733e-02
525.00 6.9866e-02
526.00 6.9999e-02
527.00 7.0132e-02
528.00 7.0265e-02
529.00 7.0398e-02
530.00 7.0531e-02
531.00 7.0664e-02
532.00 7.0797e-02
533.00 7.0930e-02
534.00 7.1064e-02
535.00 7.1197e-02
536.00 7.1330e-02
537.00 7.1463e-02
538.00 7.1596e-02
539.00 7.1729e-02
540.00 7.1862e-02
541.00 7.1995e-02
542.00 7.2128e-02
543.00 7.2261e-02
544.00 7.2394e-02
545.00 7.2527e-02
546.00 7.2660e-02
547.00 7.2794e-02
548.00 7.2927e-02
549.00 7.3060e-02
550.00 7.3193e-02
551.00 7.3326e-02
552.00 7.3459e-02
553.00 7.3592e-02
554.00 7.3725e-02
555.00 7.3858e-02
556.00 7.3991e-02
557.00 7.4124e-02
558.00 7.4257e-02
559.00 7.4390e-02
560.00 7.4524e-02
561.00 7.4657e-02
562.00 7.4790e-02
563.00 7.4923e-02
564.00 7.5056e-02
565.00 7.5189e-02
566.00 7.5322e-02
567.00 7.5455e-02
568.00 7.5588e-02
569.00 7.5721e-02
570.00 7.5854e-02
571.00 7.5987e-02
572.00 7.6121e-02
573.00 7.6254e-02
574.00 7.6387e-02
575.00 7.6520e-02
576.00 7.6653e-02
577.00 7.6786e-02
578.00 7.6919e-02
579.00 7.7052e-02
580.00 7.7185e-02
581.00 7.7318e-02
582.00 7.7451e-02
583.00 7.7584e-02
584.00 7.7717e-02
585.00 7.7851e-02
586.00 7.7984e-02
587.00 7.8117e-02
588.00 7.8250e-02
589.00 7.8383e-02
590.00 7.8516e-02
591.00 7.8649e-02
592.00 7.8782e-02
593.00 7.8915e-02
594.00 7.9048e-02
595.00 7.9181e-02
596.00 7.9314e-02
597.00 7.9447e-02
598.00 7.9581e-02
599.00 7.9714e-02
600.00 7.9847e-02
601.00 7.9980e-02
602.00 8.0113e-02
603.00 8.0246e-02
604.00 8.0379e-02
605.00 8.0512e-02
606.00 8.0645e-02
607.00 8.0778e-02
608.00 8.0911e-02
609.00 8.1044e-02
610.00 8.1177e-02
611.00 8.1311e-02
612.00 8.1444e-02
613.00 8.1577e-02
614.00 8.1710e-02
615.00 8.1843e-02
616.00 8.1976e-02
617.00 8.2109e-02
618.00 8.2242e-02
619.00 8.2375e-02
620.00 8.2508e-02
621.00 8.2641e-02
622.00 8.2774e-02
623.00 8.2907e-02
624.00 8.3041e-02
625.00 8.3174e-02
626.00 8.3307e-02
627.00 8.3440e-02
628.00 8.3573e-02
629.00 8.3706e-02
630.00 8.3839e-02
631.00 8.3972e-02
632.00 8.4105e-02
633.00 8.4238e-02
634.00 8.4371e-02
635.00 8.4504e-02
636.00 8.4637e-02
637.00 8.4771e-02
638.00 8.4904e-02
639.00 8.5037e-02
640.00 8.5170e-02
641.00 8.5303e-02
642.00 8.5436e-02
643.00 8.5569e-02
644.00 8.5702e-02
645.00 8.5835e-02
646.00 8.5968e-02
647.00 8.6101e-02
648.00 8.6234e-02
649.00 8.6367e-02
650.00 8.6501e-02
651.00 8.6634e-02
652.00 8.6767e-02
653.00 8.6900e-02
654.00 8.7033e-02
655.00 8.7166e-02
656.00 8.7299e-02
657.00 8.7432e-02
658.00 8.7565e-02
659.00 8.7698e-02
660.00 8.7831e-02
661.00 8.7964e-02
662.00 8.8097e-02
663.00 8.8231e-02
664.00 8.8364e-02
665.00 8.8497e-02
666.00 8.8630e-02
667.00 8.8763e-02
668.00 8.8896e-02
669.00 8.9029e-02
670.00 8.9162e-02
671.00 8.9295e-02
672.00 8.9428e-02
673.00 8.9561e-02
674.00 8.9694e-02
675.00 8.9828e-02
676.00 8.9961e-02
677.00 9.0094e-02
678.00 9.0227e-02
679.00 9.0360e-02
680.00 9.0493e-02
681.00 9.0626e-02
682.00 9.0759e-02
683.00 9.0892e-02
684.00 9.1025e-02
685.00 9.1158e-02
686.00 9.1291e-02
687.00 9.1424e-02
688.00 9.1558e-02
689.00 9.1691e-02
690.00 9.1824e-02
691.00 9.1957e-02
692.00 9.2090e-02
693.00 9.2223e-02
694.00 9.2356e-02
695.00 9.2489e-02
696.00 9.2622e-02
697.00 9.2755e-02
698.00 9.2888e-02
699.00 9.3021e-02
700.00 9.3154e-02
701.00 9.3287e-02
702.00 9.3421e-02
703.00 9.3554e-02
704.00 9.3687e-02
705.00 9.3820e-02
706.00 9.3953e-02
707.00 9.4086e-02
708.00 9.4219e-02
709.00 9.4352e-02
710.00 9.4485e-02
711.00 9.4618e-02
712.00 9.4751e-02
713.00 9.4884e-02
714.00 9.5017e-02
715.00 9.5151e-02
716.00 9.5284e-02
717.00 9.5417e-02
718.00 9.5550e-02
719.00 9.5683e-02
720.00 9.5816e-02
721.00 9.5949e-02
722.00 9.6082e-02
723.00 9.6215e-02
724.00 9.6348e-02
725.00 9.6481e-02
726.00 9.6614e-02
727.00 9.6747e-02
728.00 9.6881e-02
729.00 9.7014e-02
730.00 9.7147e-02
731.00 9.7280e-02
732.00 9.7413e-02
733.00 9.7546e-02
734.00 9.7679e-02
735.00 9.7812e-02
736.00 9.7945e-02
737.00 9.8078e-02
738.00 9.8211e-02
739.00 9.8344e-02
740.00 9.8477e-02
741.00 9.8611e-02
742.00 9.8744e-02
743.00 9.8877e-02
744.00 9.9010e-02
745.00 9.9143e-02
746.00 9.9276e-02
747.00 9.9409e-02
748.00 9.9542e-02
749.00 9.9675e-02
750.00 9.9808e-02
751.00 9.9941e-02
752.00 1.0007e-01
753.00 1.0021e-01
754.00 1.0034e-01
755.00 1.0047e-01
756.00 1.0061e-01
757.00 1.0074e-01
758.00 1.0087e-01
759.00 1.0101e-01
760.00 1.0114e-01
761.00 1.0127e-01
762.00 1.0141e-01
763.00 1.0154e-01
764.00 1.0167e-01
765.00 1.0180e-01
766.00 1.0194e-01
767.00 1.0207e-01
768.00 1.0220e-01
769.00 1.0234e-01
770.00 1.0247e-01
771.00 1.0260e-01
772.00 1.0274e-01
773.00 1.0287e-01
774.00 1.0300e-01
775.00 1.0313e-01
776.00 1.0327e-01
777.00 1.0340e-01
778.00 1.0353e-01
779.00 1.0367e-01
780.00 1.0380e-01
781.00 1.0393e-01
782.00 1.0407e-01
783.00 1.0420e-01
784.00 1.0433e-01
785.00 1.0447e-01
786.00 1.0460e-01
787.00 1.0473e-01
788.00 1.0486e-01
789.00 1.0500e-01
790.00 1.0513e-01
791.00 1.0526e-01
792.00 1.0540e-01
793.00 1.0553e-01
794.00 1.0566e-01
795.00 1.0580e-01
796.00 1.0593e-01
797.00 1.0606e-01
798.00 1.0620e-01
799.00 1.0633e-01
800.00 1.0646e-01
801.00 1.0659e-01
802.00 1.0673e-01
803.00 1.0686e-01
804.00 1.0699e-01
805.00 1.0713e-01
806.00 1.0726e-01
807.00 1.0739e-01
808.00 1.0753e-01
809.00 1.0766e-01
810.00 1.0779e-01
811.00 1.0793e-01
812.00 1.0806e-01
813.00 1.0819e-01
814.00 1.0832e-01
815.00 1.0846e-01
816.00 1.0859e-01
817.00 1.0872e-01
818.00 1.0886e-01
819.00 1.0899e-01
820.00 1.0912e-01
821.00 1.0926e-01
822.00 1.0939e-01
823.00 1.0952e-01
824.00 1.0966e-01
825.00 1.0979e-01
826.00 1.0992e-01
827.00 1.1005e-01
828.00 1.1019e-01
829.00 1.1032e-01
830.00 1.1045e-01
831.00 1.1059e-01
832.00 1.1072e-01
833.00 1.1085e-01
834.00 1.1099e-01
835.00 1.1112e-01
836.00 1.1125e-01
837.00 1.1139e-01
838.00 1.1152e-01
839.00 1.1165e-01
840.00 1.1178e-01
841.00 1.1192e-01
842.00 1.1205e-01
843.00 1.1218e-01
844.00 1.1232e-01
845.00 1.1245e-01
846.00 1.1258e-01
847.00 1.1272e-01
848.00 1.1285e-01
849.00 1.1298e-01
850.00 1.1311e-01
851.00 1.1325e-01
852.00 1.1338e-01
853.00 1.1351e-01
854.00 1.1365e-01
855.00 1.1378e-01
856.00 1.1391e-01
857.00 1.1405e-01
858.00 1.1418e-01
859.00 1.1431e-01
860.00 1.1445e-01
861.00 1.1458e-01
862.00 1.1471e-01
863.00 1.1484e-01
864.00 1.1498e-01
865.00 1.1511e-01
866.00 1.1524e-01
867.00 1.1538e-01
868.00 1.1551e-01
869.00 1.1564e-01
870.00 1.1578e-01
871.00 1.1591e-01
872.00 1.1604e-01
873.00 1.1617e-01
874.00 1.1631e-01
875.00 1.1644e-01
876.00 1.1657e-01
877.00 1.1671e-01
878.00 1.1684e-01
879.00 1.1697e-01
880.00 1.1711e-01
881.00 1.1724e-01
882.00 1.1737e-01
883.00 1.1751e-01
884.00 1.1764e-01
885.00 1.1777e-01
886.00 1.1790e-01
887.00 1.1804e-01
888.00 1.1817e-01
889.00 1.1830e-01
890.00 1.1844e-01
891.00 1.1857e-01
892.00 1.1870e-01
893.00 1.1884e-01
894.00 1.1897e-01
895.00 1.1910e-01
896.00 1.1923e-01
897.00 1.1937e-01
898.00 1.1950e-01
899.00 1.1963e-01
900.00 1.1977e-01
901.00 1.1990e-01
902.00 1.2003e-01
903.00 1.2017e-01
904.00 1.2030e-01
905.00 1.2043e-01
906.00 1.2056e-01
907.00 1.2070e-01
908.00 1.2083e-01
909.00 1.2096e-01
910.00 1.2110e-01
911.00 1.2123e-01
912.00 1.2136e-01
913.00 1.2150e-01
914.00 1.2163e-01
915.00 1.2176e-01
916.00 1.2190e-01
917.00 1.2203e-01
918.00 1.2216e-01
919.00 1.2229e-01
920.00 1.2243e-01
921.00 1.2256e-01
922.00 1.2269e-01
923.00 1.2283e-01
924.00 1.2296e-01
925.00 1.2309e-01
926.00 1.2323e-01
927.00 1.2336e-01
928.00 1.2349e-01
929.00 1.2362e-01
930.00 1.2376e-01
931.00 1.2389e-01
932.00 1.2402e-01
933.00 1.2416e-01
934.00 1.2429e-01
935.00 1.2442e-01
936.00 1.2456e-01
937.00 1.2469e-01
938.00 1.2482e-01
939.00 1.2495e-01
940.00 1.2509e-01
941.00 1.2522e-01
942.00 1.2535e-01
943.00 1.2549e-01
944.00 1.2562e-01
945.00 1.2575e-01
946.00 1.2589e-01
947.00 1.2602e-01
948.00 1.2615e-01
949.00 1.2628e-01
950.00 1.2642e-01
951.00 1.2655e-01
952.00 1.2668e-01
953.00 1.2682e-01
954.00 1.2695e-01
955.00 1.2708e-01
956.00 1.2721e-01
957.00 1.2735e-01
958.00 1.2748e-01
959.00 1.2761e-01
960.00 1.2775e-01
961.00 1.2788e-01
962.00 1.2801e-01
963.00 1.2815e-01
964.00 1.2828e-01
965.00 1.2841e-01
966.00 1.2854e-01
967.00 1.2868e-01
968.00 1.2881e-01
969.00 1.2894e-01
970.00 1.2908e-01
971.00 1.2921e-01
972.00 1.2934e-01
973.00 1.2948e-01
974.00 1.2961e-01
975.00 1.2974e-01
976.00 1.2987e-01
977.00 1.3001e-01
978.00 1.3014e-01
979.00 1.3027e-01
980.00 1.3041e-01
981.00 1.3054e-01
982.00 1.3067e-01
983.00 1.3080e-01
984.00 1.3094e-01
985.00 1.3107e-01
986.00 1.3120e-01
987.00 1.3134e-01
988.00 1.3147e-01
989.00 1.3160e-01
990.00 1.3174e-01
991.00 1.3187e-01
992.00 1.3200e-01
993.00 1.3213e-01
994.00 1.3227e-01
995.00 1.3240e-01
996.00 1.3253e-01
997.00 1.3267e-01
998.00 1.3280e-01
999.00 1.3293e-01
1000.00 1.3306e-01
1001.00 1.3320e-01
1002.00 1.3333e-01
1003.00 1.3346e-01
1004.00 1.3360e-01
1005.00 1.3373e-01
1006.00 1.3386e-01
1007.00 1.3399e-01
1008.00 1.3413e-01
1009.00 1.3426e-01
1010.00 1.3439e-01
1011.00 1.3453e-01
1012.00 1.3466e-01
1013.00 1.3479e-01
1014.00 1.3492e-01
1015.00 1.3506e-01
1016.00 1.3519e-01
1017.00 1.3532e-01
1018.00 1.3546e-01
1019.00 1.3559e-01
1020.00 1.3572e-01
1021.00 1.3585e-01
1022.00 1.3599e-01
1023.00 1.3612e-01
1024.00 1.3625e-01
1025.00 1.3639e-01
1026.00 1.3652e-01
1027.00 1.3665e-01
1028.00 1.3678e-01
1029.00 1.3692e-01
1030.00 1.3705e-01
1031.00 1.3718e-01
1032.00 1.3732e-01
1033.00 1.3745e-01
1034.00 1.3758e-01
1035.00 1.3771e-01
1036.00 1.3785e-01
1037.00 1.3798e-01
1038.00 1.3811e-01
1039.00 1.3825e-01
1040.00 1.3838e-01
1041.00 1.3851e-01
1042.00 1.3864e-01
1043.00 1.3878e-01
1044.00 1.3891e-01
1045.00 1.3904e-01
1046.00 1.3918e-01
1047.00 1.3931e-01
1048.00 1.3944e-01
1049.00 1.3957e-01
1050.00 1.3971e-01
1051.00 1.3984e-01
1052.00 1.3997e-01
1053.00 1.4011e-01
1054.00 1.4024e-01
1055.00 1.4037e-01
1056.00 1.4050e-01
1057.00 1.4064e-01
1058.00 1.4077e-01
1059.00 1.4090e-01
1060.00 1.4103e-01
1061.00 1.4117e-01
1062.00 1.4130e-01
1063.00 1.4143e-01
1064.00 1.4157e-01
1065.00 1.4170e-01
1066.00 1.4183e-01
1067.00 1.4196e-01
1068.00 1.4210e-01
1069.00 1.4223e-01
1070.00 1.4236e-01
1071.00 1.4249e-01
1072.00 1.4263e-01
1073.00 1.4276e-01
1074.00 1.4289e-01
1075.00 1.4303e-01
1076.00 1.4316e-01
1077.00 1.4329e-01
1078.00 1.4342e-01
1079.00 1.4356e-01
1080.00 1.4369e-01
1081.00 1.4382e-01
1082.00 1.4395e-01
1083.00 1.4409e-01
1084.00 1.4422e-01
1085.00 1.4435e-01
1086.00 1.4449e-01
1087.00 1.4462e-01
1088.00 1.4475e-01
1089.00 1.4488e-01
1090.00 1.4502e-01
1091.00 1.4515e-01
1092.00 1.4528e-01
1093.00 1.4541e-01
1094.00 1.4555e-01
1095.00 1.4568e-01
1096.00 1.4581e-01
1097.00 1.4594e-01
1098.00 1.4608e-01
1099.00 1.4621e-01
1100.00 1.4634e-01
1101.00 1.4648e-01
1102.00 1.4661e-01
1103.00 1.4674e-01
1104.00 1.4687e-01
1105.00 1.4701e-01
1106.00 1.4714e-01
1107.00 1.4727e-01
1108.00 1.4740e-01
1109.00 1.4754e-01
1110.00 1.4767e-01
1111.00 1.4780e-01
1112.00 1.4793e-01
1113.00 1.4807e-01
1114.00 1.4820e-01
1115.00 1.4833e-01
1116.00 1.4846e-01
1117.00 1.4860e-01
1118.00 1.4873e-01
1119.00 1.4886e-01
1120.00 1.4899e-01
1121.00 1.4913e-01
1122.00 1.4926e-01
1123.00 1.4939e-01
1124.00 1.4952e-01
1125.00 1.4966e-01
1126.00 1.4979e-01
1127.00 1.4992e-01
1128.00 1.5005e-01
1129.00 1.5019e-01
1130.00 1.5032e-01
1131.00 1.5045e-01
1132.00 1.5058e-01
1133.00 1.5072e-01
1134.00 1.5085e-01
1135.00 1.5098e-01
1136.00 1.5111e-01
1137.00 1.5125e-01
1138.00 1.5138e-01
1139.00 1.5151e-01
1140.00 1.5164e-01
1141.00 1.5178e-01
1142.00 1.5191e-01
1143.00 1.5204e-01
1144.00 1.5217e-01
1145.00 1.5231e-01
1146.00 1.5244e-01
1147.00 1.5257e-01
1148.00 1.5270e-01
1149.00 1.5284e-01
1150.00 1.5297e-01
1151.00 1.5310e-01
1152.00 1.5323e-01
1153.00 1.5337e-01
1154.00 1.5350e-01
1155.00 1.5363e-01
1156.00 1.5376e-01
1157.00 1.5390e-01
1158.00 1.5403e-01
1159.00 1.5416e-01
1160.00 1.5429e-01
1161.00 1.5442e-01
1162.00 1.5456e-01
1163.00 1.5469e-01
1164.00 1.5482e-01
1165.00 1.5495e-01
1166.00 1.5509e-01
1167.00 1.5522e-01
1168.00 1.5535e-01
1169.00 1.5548e-01
1170.00 1.5562e-01
1171.00 1.5575e-01
1172.00 1.5588e-01
1173.00 1.5601e-01
1174.00 1.5614e-01
1175.00 1.5628e-01
1176.00 1.5641e-01
1177.00 1.5654e-01
1178.00 1.5667e-01
1179.00 1.5681e-01
1180.00 1.5694e-01
1181.00 1.5707e-01
1182.00 1.5720e-01
1183.00 1.5733e-01
1184.00 1.5747e-01
1185.00 1.5760e-01
1186.00 1.5773e-01
1187.00 1.5786e-01
1188.00 1.5800e-01
1189.00 1.5813e-01
1190.00 1.5826e-01
1191.00 1.5839e-01
1192.00 1.5852e-01
1193.00 1.5866e-01
1194.00 1.5879e-01
1195.00 1.5892e-01
1196.00 1.5905e-01
1197.00 1.5918e-01
1198.00 1.5932e-01
1199.00 1.5945e-01
1200.00 1.5958e-01
1201.00 1.5971e-01
1202.00 1.5985e-01
1203.00 1.5998e-01
1204.00 1.6011e-01
1205.00 1.6024e-01
1206.00 1.6037e-01
1207.00 1.6051e-01
1208.00 1.6064e-01
1209.00 1.6077e-01
1210.00 1.6090e-01
1211.00 1.6103e-01
1212.00 1.6117e-01
1213.00 1.6130e-01
1214.00 1.6143e-01
1215.00 1.6156e-01
1216.00 1.6169e-01
1217.00 1.6183e-01
1218.00 1.6196e-01
1219.00 1.6209e-01
1220.00 1.6222e-01
1221.00 1.6235e-01
1222.00 1.6249e-01
1223.00 1.6262e-01
1224.00 1.6275e-01
1225.00 1.6288e-01
1226.00 1.6301e-01
1227.00 1.6315e-01
1228.00 1.6328e-01
1229.00 1.6341e-01
1230.00 1.6354e-01
1231.00 1.6367e-01
1232.00 1.6380e-01
1233.00 1.6394e-01
1234.00 1.6407e-01
1235.00 1.6420e-01
1236.00 1.6433e-01
1237.00 1.6446e-01
1238.00 1.6460e-01
1239.00 1.6473e-01
1240.00 1.6486e-01
1241.00 1.6499e-01
1242.00 1.6512e-01
1243.00 1.6525e-01
1244.00 1.6539e-01
1245.00 1.6552e-01
1246.00 1.6565e-01
1247.00 1.6578e-01
1248.00 1.6591e-01
1249.00 1.6605e-01
1250.00 1.6618e-01
1251.00 1.6631e-01
1252.00 1.6644e-01
1253.00 1.6657e-01
1254.00 1.6670e-01
1255.00 1.6684e-01
1256.00 1.6697e-01
1257.00 1.6710e-01
1258.00 1.6723e-01
1259.00 1.6736e-01
1260.00 1.6749e-01
1261.00 1.6763e-01
1262.00 1.6776e-01
1263.00 1.6789e-01
1264.00 1.6802e-01
1265.00 1.6815e-01
1266.00 1.6828e-01
1267.00 1.6841e-01
1268.00 1.6855e-01
1269.00 1.6868e-01
1270.00 1.6881e-01
1271.00 1.6894e-01
1272.00 1.6907e-01
1273.00 1.6920e-01
1274.00 1.6934e-01
1275.00 1.6947e-01
1276.00 1.6960e-01
1277.00 1.6973e-01
1278.00 1.6986e-01
1279.00 1.6999e-01
1280.00 1.7012e-01
1281.00 1.7026e-01
1282.00 1.7039e-01
1283.00 1.7052e-01
1284.00 1.7065e-01
1285.00 1.7078e-01
1286.00 1.7091e-01
1287.00 1.7104e-01
1288.00 1.7118e-01
1289.00 1.7131e-01
1290.00 1.7144e-01
1291.00 1.7157e-01
1292.00 1.7170e-01
1293.00 1.7183e-01
1294.00 1.7196e-01
1295.00 1.7209e-01
1296.00 1.7223e-01
1297.00 1.7236e-01
1298.00 1.7249e-01
1299.00 1.7262e-01
1300.00 1.7275e-01
1301.00 1.7288e-01
1302.00 1.7301e-01
1303.00 1.7314e-01
1304.00 1.7328e-01
1305.00 1.7341e-01
1306.00 1.7354e-01
1307.00 1.7367e-01
1308.00 1.7380e-01
1309.00 1.7393e-01
1310.00 1.7406e-01
1311.00 1.7419e-01
1312.00 1.7433e-01
1313.00 1.7446e-01
1314.00 1.7459e-01
1315.00 1.7472e-01
1316.00 1.7485e-01
1317.00 1.7498e-01
1318.00 1.7511e-01
1319.00 1.7524e-01
1320.00 1.7537e-01
1321.00 1.7550e-01
1322.00 1.7564e-01
1323.00 1.7577e-01
1324.00 1.7590e-01
1325.00 1.7603e-01
1326.00 1.7616e-01
1327.00 1.7629e-01
1328.00 1.7642e-01
1329.00 1.7655e-01
1330.00 1.7668e-01
1331.00 1.7681e-01
1332.00 1.7694e-01
1333.00 1.7708e-01
1334.00 1.7721e-01
1335.00 1.7734e-01
1336.00 1.7747e-01
1337.00 1.7760e-01
1338.00 1.7773e-01
1339.00 1.7786e-01
1340.00 1.7799e-01
1341.00 1.7812e-01
1342.00 1.7825e-01
1343.00 1.7838e-01
1344.00 1.7851e-01
1345.00 1.7865e-01
1346.00 1.7878e-01
1347.00 1.7891e-01
1348.00 1.7904e-01
1349.00 1.7917e-01
1350.00 1.7930e-01
1351.00 1.7943e-01
1352.00 1.7956e-01
1353.00 1.7969e-01
1354.00 1.7982e-01
1355.00 1.7995e-01
1356.00 1.8008e-01
1357.00 1.8021e-01
1358.00 1.8034e-01
1359.00 1.8047e-01
1360.00 1.8060e-01
1361.00 1.8073e-01
1362.00 1.8087e-01
1363.00 1.8100e-01
1364.00 1.8113e-01
1365.00 1.8126e-01
1366.00 1.8139e-01
1367.00 1.8152e-01
1368.00 1.8165e-01
1369.00 1.8178e-01
1370.00 1.8191e-01
1371.00 1.8204e-01
1372.00 1.8217e-01
1373.00 1.8230e-01
1374.00 1.8243e-01
1375.00 1.8256e-01
1376.00 1.8269e-01
1377.00 1.8282e-01
1378.00 1.8295e-01
1379.00 1.8308e-01
1380.00 1.8321e-01
1381.00 1.8334e-01
1382.00 1.8347e-01
1383.00 1.8360e-01
1384.00 1.8373e-01
1385.00 1.8386e-01
1386.00 1.8399e-01
1387.00 1.8412e-01
1388.00 1.8425e-01
1389.00 1.8438e-01
1390.00 1.8451e-01
1391.00 1.8464e-01
1392.00 1.8477e-01
1393.00 1.8490e-01
1394.00 1.8503e-01
1395.00 1.8516e-01
1396.00 1.8529e-01
1397.00 1.8542e-01
1398.00 1.8555e-01
1399.00 1.8568e-01
1400.00 1.8581e-01
1401.00 1.8594e-01
1402.00 1.8607e-01
1403.00 1.8620e-01
1404.00 1.8633e-01
1405.00 1.8646e-01
1406.00 1.8659e-01
1407.00 1.8672e-01
1408.00 1.8685e-01
1409.00 1.8698e-01
1410.00 1.8711e-01
1411.00 1.8724e-01
1412.00 1.8737e-01
1413.00 1.8750e-01
1414.00 1.8763e-01
1415.00 1.8776e-01
1416.00 1.8789e-01
1417.00 1.8802e-01
1418.00 1.8815e-01
1419.00 1.8828e-01
1420.00 1.8841e-01
1421.00 1.8854e-01
1422.00 1.8867e-01
1423.00 1.8880e-01
1424.00 1.8893e-01
1425.00 1.8906e-01
1426.00 1.8919e-01
1427.00 1.8932e-01
1428.00 1.8945e-01
1429.00 1.8958e-01
1430.00 1.8971e-01
1431.00 1.8983e-01
1432.00 1.8996e-01
1433.00 1.9009e-01
1434.00 1.9022e-01
1435.00 1.9035e-01
1436.00 1.9048e-01
1437.00 1.9061e-01
1438.00 1.9074e-01
1439.00 1.9087e-01
1440.00 1.9100e-01
1441.00 1.9113e-01
1442.00 1.9126e-01
1443.00 1.9139e-01
1444.00 1.9152e-01
1445.00 1.9165e-01
1446.00 1.9177e-01
1447.00 1.9190e-01
1448.00 1.9203e-01
1449.00 1.9216e-01
1450.00 1.9229e-01
1451.00 1.9242e-01
1452.00 1.9255e-01
1453.00 1.9268e-01
1454.00 1.9281e-01
1455.00 1.9294e-01
1456.00 1.9307e-01
1457.00 1.9320e-01
1458.00 1.9332e-01
1459.00 1.9345e-01
1460.00 1.9358e-01
1461.00 1.9371e-01
1462.00 1.9384e-01
1463.00 1.9397e-01
1464.00 1.9410e-01
1465.00 1.9423e-01
1466.00 1.9436e-01
1467.00 1.9448e-01
1468.00 1.9461e-01
1469.00 1.9474e-01
1470.00 1.9487e-01
1471.00 1.9500e-01
1472.00 1.9513e-01
1473.00 1.9526e-01
1474.00 1.9539e-01
1475.00 1.9551e-01
1476.00 1.9564e-01
1477.00 1.9577e-01
1478.00 1.9590e-01
1479.00 1.9603e-01
1480.00 1.9616e-01
1481.00 1.9629e-01
1482.00 1.9642e-01
1483.00 1.9654e-01
1484.00 1.9667e-01
1485.00 1.9680e-01
1486.00 1.9693e-01
1487.00 1.9706e-01
1488.00 1.9719e-01
1489.00 1.9731e-01
1490.00 1.9744e-01
1491.00 1.9757e-01
1492.00 1.9770e-01
1493.00 1.9783e-01
1494.00 1.9796e-01
1495.00 1.9808e-01
1496.00 1.9821e-01
1497.00 1.9834e-01
1498.00 1.9847e-01
1499.00 1.9860e-01
1500.00 1.9873e-01
1501.00 1.9885e-01
1502.00 1.9898e-01
1503.00 1.9911e-01
1504.00 1.9924e-01
1505.00 1.9937e-01
1506.00 1.9950e-01
1507.00 1.9962e-01
1508.00 1.9975e-01
1509.00 1.9988e-01
1510.00 2.0001e-01
1511.00 2.0014e-01
1512.00 2.0026e-01
1513.00 2.0039e-01
1514.00 2.0052e-01
1515.00 2.0065e-01
1516.00 2.0078e-01
1517.00 2.0090e-01
1518.00 2.0103e-01
1519.00 2.0116e-01
1520.00 2.0129e-01
1521.00 2.0141e-01
1522.00 2.0154e-01
1523.00 2.0167e-01
1524.00 2.0180e-01
1525.00 2.0193e-01
1526.00 2.0205e-01
1527.00 2.0218e-01
1528.00 2.0231e-01
1529.00 2.0244e-01
1530.00 2.0256e-01
1531.00 2.0269e-01
1532.00 2.0282e-01
1533.00 2.0295e-01
1534.00 2.0307e-01
1535.00 2.0320e-01
1536.00 2.0333e-01
1537.00 2.0346e-01
1538.00 2.0358e-01
1539.00 2.0371e-01
1540.00 2.0384e-01
1541.00 2.0397e-01
1542.00 2.0409e-01
1543.00 2.0422e-01
1544.00 2.0435e-01
1545.00 2.0448e-01
1546.00 2.0460e-01
1547.00 2.0473e-01
1548.00 2.0486e-01
1549.00 2.0498e-01
1550.00 2.0511e-01
1551.00 2.0524e-01
1552.00 2.0537e-01
1553.00 2.0549e-01
1554.00 2.0562e-01
1555.00 2.0575e-01
1556.00 2.0587e-01
1557.00 2.0600e-01
1558.00 2.0613e-01
1559.00 2.0625e-01
1560.00 2.0638e-01
1561.00 2.0651e-01
1562.00 2.0664e-01
1563.00 2.0676e-01
1564.00 2.0689e-01
1565.00 2.0702e-01
1566.00 2.0714e-01
1567.00 2.0727e-01
1568.00 2.0740e-01
1569.00 2.0752e-01
1570.00 2.0765e-01
1571.00 2.0778e-01
1572.00 2.0790e-01
1573.00 2.0803e-01
1574.00 2.0816e-01
1575.00 2.0828e-01
1576.00 2.0841e-01
1577.00 2.0854e-01
1578.00 2.0866e-01
1579.00 2.0879e-01
1580.00 2.0892e-01
1581.00 2.0904e-01
1582.00 2.0917e-01
1583.00 2.0930e-01
1584.00 2.0942e-01
1585.00 2.0955e-01
1586.00 2.0967e-01
1587.00 2.0980e-01
1588.00 2.0993e-01
1589.00 2.1005e-01
1590.00 2.1018e-01
1591.00 2.1031e-01
1592.00 2.1043e-01
1593.00 2.1056e-01
1594.00 2.1068e-01
1595.00 2.1081e-01
1596.00 2.1094e-01
1597.00 2.1106e-01
1598.00 2.1119e-01
1599.00 2.1132e-01
1600.00 2.1144e-01
1601.00 2.1157e-01
1602.00 2.1169e-01
1603.00 2.1182e-01
1604.00 2.1194e-01
1605.00 2.1207e-01
1606.00 2.1220e-01
1607.00 2.1232e-01
1608.00 2.1245e-01
1609.00 2.1257e-01
1610.00 2.1270e-01
1611.00 2.1283e-01
1612.00 2.1295e-01
1613.00 2.1308e-01
1614.00 2.1320e-01
1615.00 2.1333e-01
1616.00 2.1345e-01
1617.00 2.1358e-01
1618.00 2.1371e-01
1619.00 2.1383e-01
1620.00 2.1396e-01
1621.00 2.1408e-01
1622.00 2.1421e-01
1623.00 2.1433e-01
1624.00 2.1446e-01
1625.00 2.1458e-01
1626.00 2.1471e-01
1627.00 2.1483e-01
1628.00 2.1496e-01
1629.00 2.1508e-01
1630.00 2.1521e-01
1631.00 2.1534e-01
1632.00 2.1546e-01
1633.00 2.1559e-01
1634.00 2.1571e-01
1635.00 2.1584e-01
1636.00 2.1596e-01
1637.00 2.1609e-01
1638.00 2.1621e-01
1639.00 2.1634e-01
1640.00 2.1646e-01
1641.00 2.1659e-01
1642.00 2.1671e-01
1643.00 2.1684e-01
1644.00 2.1696e-01
1645.00 2.1709e-01
1646.00 2.1721e-01
1647.00 2.1734e-01
1648.00 2.1746e-01
1649.00 2.1759e-01
1650.00 2.1771e-01
1651.00 2.1783e-01
1652.00 2.1796e-01
1653.00 2.1808e-01
1654.00 2.1821e-01
1655.00 2.1833e-01
1656.00 2.1846e-01
1657.00 2.1858e-01
1658.00 2.1871e-01
1659.00 2.1883e-01
1660.00 2.1896e-01
1661.00 2.1908e-01
1662.00 2.1920e-01
1663.00 2.1933e-01
1664.00 2.1945e-01
1665.00 2.1958e-01
1666.00 2.1970e-01
1667.00 2.1983e-01
1668.00 2.1995e-01
1669.00 2.2008e-01
1670.00 2.2020e-01
1671.00 2.2032e-01
1672.00 2.2045e-01
1673.00 2.2057e-01
1674.00 2.2070e-01
1675.00 2.2082e-01
1676.00 2.2094e-01
1677.00 2.2107e-01
1678.00 2.2119e-01
1679.00 2.2132e-01
1680.00 2.2144e-01
1681.00 2.2156e-01
1682.00 2.2169e-01
1683.00 2.2181e-01
1684.00 2.2194e-01
1685.00 2.2206e-01
1686.00 2.2218e-01
1687.00 2.2231e-01
1688.00 2.2243e-01
1689.00 2.2255e-01
1690.00 2.2268e-01
1691.00 2.2280e-01
1692.00 2.2292e-01
1693.00 2.2305e-01
1694.00 2.2317e-01
1695.00 2.2330e-01
1696.00 2.2342e-01
1697.00 2.2354e-01
1698.00 2.2367e-01
1699.00 2.2379e-01
1700.00 2.2391e-01
1701.00 2.2404e-01
1702.00 2.2416e-01
1703.00 2.2428e-01
1704.00 2.2441e-01
1705.00 2.2453e-01
1706.00 2.2465e-01
1707.00 2.2478e-01
1708.00 2.2490e-01
1709.00 2.2502e-01
1710.00 2.2514e-01
1711.00 2.2527e-01
1712.00 2.2539e-01
1713.00 2.2551e-01
1714.00 2.2564e-01
1715.00 2.2576e-01
1716.00 2.2588e-01
1717.00 2.2601e-01
1718.00 2.2613e-01
1719.00 2.2625e-01
1720.00 2.2637e-01
1721.00 2.2650e-01
1722.00 2.2662e-01
1723.00 2.2674e-01
1724.00 2.2686e-01
1725.00 2.2699e-01
1726.00 2.2711e-01
1727.00 2.2723e-01
1728.00 2.2735e-01
1729.00 2.2748e-01
1730.00 2.2760e-01
1731.00 2.2772e-01
1732.00 2.2784e-01
1733.00 2.2797e-01
1734.00 2.2809e-01
1735.00 2.2821e-01
1736.00 2.2833e-01
1737.00 2.2846e-01
1738.00 2.2858e-01
1739.00 2.2870e-01
1740.00 2.2882e-01
1741.00 2.2894e-01
1742.00 2.2907e-01
1743.00 2.2919e-01
1744.00 2.2931e-01
1745.00 2.2943e-01
1746.00 2.2956e-01
1747.00 2.2968e-01
1748.00 2.2980e-01
1749.00 2.2992e-01
1750.00 2.3004e-01
1751.00 2.3016e-01
1752.00 2.3029e-01
1753.00 2.3041e-01
1754.00 2.3053e-01
1755.00 2.3065e-01
1756.00 2.3077e-01
1757.00 2.3090e-01
1758.00 2.3102e-01
1759.00 2.3114e-01
1760.00 2.3126e-01
1761.00 2.3138e-01
1762.00 2.3150e-01
1763.00 2.3162e-01
1764.00 2.3175e-01
1765.00 2.3187e-01
1766.00 2.3199e-01
1767.00 2.3211e-01
1768.00 2.3223e-01
1769.00 2.3235e-01
1770.00 2.3247e-01
1771.00 2.3259e-01
1772.00 2.3272e-01
1773.00 2.3284e-01
1774.00 2.3296e-01
1775.00 2.3308e-01
1776.00 2.3320e-01
1777.00 2.3332e-01
1778.00 2.3344e-01
1779.00 2.3356e-01
1780.00 2.3368e-01
1781.00 2.3381e-01
1782.00 2.3393e-01
1783.00 2.3405e-01
1784.00 2.3417e-01
1785.00 2.3429e-01
1786.00 2.3441e-01
1787.00 2.3453e-01
1788.00 2.3465e-01
1789.00 2.3477e-01
1790.00 2.3489e-01
1791.00 2.3501e-01
1792.00 2.3513e-01
1793.00 2.3525e-01
1794.00 2.3537e-01
1795.00 2.3549e-01
1796.00 2.3561e-01
1797.00 2.3574e-01
1798.00 2.3586e-01
1799.00 2.3598e-01
1800.00 2.3610e-01
1801.00 2.3622e-01
1802.00 2.3634e-01
1803.00 2.3646e-01
1804.00 2.3658e-01
1805.00 2.3670e-01
1806.00 2.3682e-01
1807.00 2.3694e-01
1808.00 2.3706e-01
1809.00 2.3718e-01
1810.00 2.3730e-01
1811.00 2.3742e-01
1812.00 2.3754e-01
1813.00 2.3766e-01
1814.00 2.3778e-01
1815.00 2.3790e-01
1816.00 2.3802e-01
1817.00 2.3814e-01
1818.00 2.3826e-01
1819.00 2.3838e-01
1820.00 2.3849e-01
1821.00 2.3861e-01
1822.00 2.3873e-01
1823.00 2.3885e-01
1824.00 2.3897e-01
1825.00 2.3909e-01
1826.00 2.3921e-01
1827.00 2.3933e-01
1828.00 2.3945e-01
1829.00 2.3957e-01
1830.00 2.3969e-01
1831.00 2.3981e-01
1832.00 2.3993e-01
1833.00 2.4005e-01
1834.00 2.4017e-01
1835.00 2.4029e-01
1836.00 2.4040e-01
1837.00 2.4052e-01
1838.00 2.4064e-01
1839.00 2.4076e-01
1840.00 2.4088e-01
1841.00 2.4100e-01
1842.00 2.4112e-01
1843.00 2.4124e-01
1844.00 2.4136e-01
1845.00 2.4147e-01
1846.00 2.4159e-01
1847.00 2.4171e-01
1848.00 2.4183e-01
1849.00 2.4195e-01
1850.00 2.4207e-01
1851.00 2.4219e-01
1852.00 2.4230e-01
1853.00 2.4242e-01
1854.00 2.4254e-01
1855.00 2.4266e-01
1856.00 2.4278e-01
1857.00 2.4290e-01
1858.00 2.4302e-01
1859.00 2.4313e-01
1860.00 2.4325e-01
1861.00 2.4337e-01
1862.00 2.4349e-01
1863.00 2.4361e-01
1864.00 2.4372e-01
1865.00 2.4384e-01
1866.00 2.4396e-01
1867.00 2.4408e-01
1868.00 2.4420e-01
1869.00 2.4431e-01
1870.00 2.4443e-01
1871.00 2.4455e-01
1872.00 2.4467e-01
1873.00 2.4479e-01
1874.00 2.4490e-01
1875.00 2.4502e-01
1876.00 2.4514e-01
1877.00 2.4526e-01
1878.00 2.4537e-01
1879.00 2.4549e-01
1880.00 2.4561e-01
1881.00 2.4573e-01
1882.00 2.4584e-01
1883.00 2.4596e-01
1884.00 2.4608e-01
1885.00 2.4620e-01
1886.00 2.4631e-01
1887.00 2.4643e-01
1888.00 2.4655e-01
1889.00 2.4667e-01
1890.00 2.4678e-01
1891.00 2.4690e-01
1892.00 2.4702e-01
1893.00 2.4713e-01
1894.00 2.4725e-01
1895.00 2.4737e-01
1896.00 2.4749e-01
1897.00 2.4760e-01
1898.00 2.4772e-01
1899.00 2.4784e-01
1900.00 2.4795e-01
1901.00 2.4807e-01
1902.00 2.4819e-01
1903.00 2.4830e-01
1904.00 2.4842e-01
1905.00 2.4854e-01
1906.00 2.4865e-01
1907.00 2.4877e-01
1908.00 2.4889e-01
1909.00 2.4900e-01
1910.00 2.4912e-01
1911.00 2.4924e-01
1912.00 2.4935e-01
1913.00 2.4947e-01
1914.00 2.4959e-01
1915.00 2.4970e-01
1916.00 2.4982e-01
1917.00 2.4993e-01
1918.00 2.5005e-01
1919.00 2.5017e-01
1920.00 2.5028e-01
1921.00 2.5040e-01
1922.00 2.5051e-01
1923.00 2.5063e-01
1924.00 2.5075e-01
1925.00 2.5086e-01
1926.00 2.5098e-01
1927.00 2.5109e-01
1928.00 2.5121e-01
1929.00 2.5133e-01
1930.00 2.5144e-01
1931.00 2.5156e-01
1932.00 2.5167e-01
1933.00 2.5179e-01
1934.00 2.5190e-01
1935.00 2.5202e-01
1936.00 2.5214e-01
1937.00 2.5225e-01
1938.00 2.5237e-01
1939.00 2.5248e-01
1940.00 2.5260e-01
1941.00 2.5271e-01
1942.00 2.5283e-01
1943.00 2.5294e-01
1944.00 2.5306e-01
1945.00 2.5317e-01
1946.00 2.5329e-01
1947.00 2.5340e-01
1948.00 2.5352e-01
1949.00 2.5363e-01
1950.00 2.5375e-01
1951.00 2.5386e-01
1952.00 2.5398e-01
1953.00 2.5409e-01
1954.00 2.5421e-01
1955.00 2.5432e-01
1956.00 2.5444e-01
1957.00 2.5455e-01
1958.00 2.5467e-01
1959.00 2.5478e-01
1960.00 2.5490e-01
1961.00 2.5501e-01
1962.00 2.5513e-01
1963.00 2.5524e-01
1964.00 2.5536e-01
1965.00 2.5547e-01
1966.00 2.5558e-01
1967.00 2.5570e-01
1968.00 2.5581e-01
1969.00 2.5593e-01
1970.00 2.5604e-01
1971.00 2.5616e-01
1972.00 2.5627e-01
1973.00 2.5638e-01
1974.00 2.5650e-01
1975.00 2.5661e-01
1976.00 2.5673e-01
1977.00 2.5684e-01
1978.00 2.5695e-01
1979.00 2.5707e-01
1980.00 2.5718e-01
1981.00 2.5730e-01
1982.00 2.5741e-01
1983.00 2.5752e-01
1984.00 2.5764e-01
1985.00 2.5775e-01
1986.00 2.5786e-01
1987.00 2.5798e-01
1988.00 2.5809e-01
1989.00 2.5820e-01
1990.00 2.5832e-01
1991.00 2.5843e-01
1992.00 2.5854e-01
1993.00 2.5866e-01
1994.00 2.5877e-01
1995.00 2.5888e-01
1996.00 2.5900e-01
1997.00 2.5911e-01
1998.00 2.5922e-01
1999.00 2.5934e-01
2000.00 2.5945e-01
