@lambda, lum*lambda/F, npackets
  0.005 0.0000e+00 0.0000e+00 
  0.006 0.0000e+00 0.0000e+00 
  0.006 0.0000e+00 0.0000e+00 
  0.007 0.0000e+00 0.0000e+00 
  0.008 0.0000e+00 0.0000e+00 
  0.009 0.0000e+00 0.0000e+00 
  0.010 0.0000e+00 0.0000e+00 
  0.011 0.0000e+00 0.0000e+00 
  0.012 0.0000e+00 0.0000e+00 
  0.014 0.0000e+00 0.0000e+00 
  0.016 0.0000e+00 0.0000e+00 
  0.017 0.0000e+00 0.0000e+00 
  0.019 0.0000e+00 0.0000e+00 
  0.022 0.0000e+00 0.0000e+00 
  0.024 0.0000e+00 0.0000e+00 
  0.027 0.0000e+00 0.0000e+00 
  0.031 0.0000e+00 0.0000e+00 
  0.034 0.0000e+00 0.0000e+00 
  0.038 0.0000e+00 0.0000e+00 
  0.043 0.0000e+00 0.0000e+00 
  0.048 0.0000e+00 0.0000e+00 
  0.054 0.0000e+00 0.0000e+00 
  0.060 0.0000e+00 0.0000e+00 
  0.068 0.0000e+00 0.0000e+00 
  0.076 0.0000e+00 0.0000e+00 
  0.085 0.0000e+00 0.0000e+00 
  0.095 0.0000e+00 0.0000e+00 
  0.106 0.0000e+00 0.0000e+00 
  0.119 0.0000e+00 0.0000e+00 
  0.134 0.0000e+00 0.0000e+00 
  0.150 0.0000e+00 0.0000e+00 
  0.167 0.0000e+00 0.0000e+00 
  0.188 0.0000e+00 0.0000e+00 
  0.210 0.0000e+00 0.0000e+00 
  0.235 4.4119e-07 5.0000e+00 
  0.263 4.4119e-06 5.0000e+01 
  0.295 3.0795e-05 3.4900e+02 
  0.330 1.5848e-04 1.7960e+03 
  0.370 6.2825e-04 7.1200e+03 
  0.414 2.0257e-03 2.2957e+04 
  0.464 5.7499e-03 6.5164e+04 
  0.520 1.3328e-02 1.5104e+05 
  0.582 2.8250e-02 3.2016e+05 
  0.652 5.0414e-02 5.7134e+05 
  0.730 8.1690e-02 6.9928e+05 
  0.818 1.2349e-01 0.0000e+00 
  0.916 1.6316e-01 0.0000e+00 
  1.026 2.2503e-01 0.0000e+00 
  1.149 3.1306e-01 0.0000e+00 
  1.286 4.0685e-01 0.0000e+00 
  1.441 4.5743e-01 0.0000e+00 
  1.614 4.9936e-01 0.0000e+00 
  1.807 4.8890e-01 0.0000e+00 
  2.024 4.6662e-01 0.0000e+00 
  2.267 4.3728e-01 0.0000e+00 
  2.538 3.7773e-01 0.0000e+00 
  2.843 3.3204e-01 0.0000e+00 
  3.184 2.7176e-01 0.0000e+00 
  3.566 2.2831e-01 0.0000e+00 
  3.993 1.7965e-01 0.0000e+00 
  4.472 1.4293e-01 0.0000e+00 
  5.008 1.1463e-01 0.0000e+00 
  5.609 8.6595e-02 0.0000e+00 
  6.282 6.7926e-02 0.0000e+00 
  7.035 5.0396e-02 0.0000e+00 
  7.879 3.8868e-02 0.0000e+00 
  8.824 2.8403e-02 0.0000e+00 
  9.882 2.1663e-02 0.0000e+00 
 11.068 1.5662e-02 0.0000e+00 
 12.395 1.1587e-02 0.0000e+00 
 13.882 8.7159e-03 0.0000e+00 
 15.546 6.2177e-03 0.0000e+00 
 17.411 4.6418e-03 0.0000e+00 
 19.499 3.3015e-03 0.0000e+00 
 21.838 2.4469e-03 0.0000e+00 
 24.457 1.7319e-03 0.0000e+00 
 27.390 1.2819e-03 0.0000e+00 
 30.675 9.0258e-04 0.0000e+00 
 34.354 6.5296e-04 0.0000e+00 
 38.474 4.8098e-04 0.0000e+00 
 43.089 3.3672e-04 0.0000e+00 
 48.256 2.4865e-04 0.0000e+00 
 54.044 1.7330e-04 0.0000e+00 
 60.526 1.2724e-04 0.0000e+00 
 67.785 8.9385e-05 0.0000e+00 
 75.915 6.5384e-05 0.0000e+00 
 85.019 4.5795e-05 0.0000e+00 
 95.216 3.2648e-05 0.0000e+00 
106.636 2.4001e-05 0.0000e+00 
119.425 1.6677e-05 0.0000e+00 
133.748 1.2089e-05 0.0000e+00 
149.789 8.4708e-06 0.0000e+00 
167.754 6.2649e-06 0.0000e+00 
187.873 4.3237e-06 0.0000e+00 
210.406 3.1766e-06 0.0000e+00 
235.640 2.1177e-06 0.0000e+00 
263.902 1.5883e-06 0.0000e+00 
295.552 1.1471e-06 0.0000e+00 
330.999 7.9414e-07 0.0000e+00 
370.697 5.2943e-07 0.0000e+00 
415.156 4.4119e-07 0.0000e+00 
464.948 2.6471e-07 0.0000e+00 
520.711 2.6471e-07 0.0000e+00 
583.162 4.4119e-07 0.0000e+00 
653.102 0.0000e+00 0.0000e+00 
731.432 0.0000e+00 0.0000e+00 
819.155 0.0000e+00 0.0000e+00 
917.400 0.0000e+00 0.0000e+00 
1027.427 0.0000e+00 0.0000e+00 
1150.650 0.0000e+00 0.0000e+00 
1288.653 0.0000e+00 0.0000e+00 
1443.206 0.0000e+00 0.0000e+00 
1616.295 0.0000e+00 0.0000e+00 
1810.144 0.0000e+00 0.0000e+00 
2027.242 0.0000e+00 0.0000e+00 
2270.377 0.0000e+00 0.0000e+00 
2542.672 0.0000e+00 0.0000e+00 
2847.625 0.0000e+00 0.0000e+00 
3189.152 0.0000e+00 0.0000e+00 
3571.639 0.0000e+00 0.0000e+00 
4000.000 0.0000e+00 0.0000e+00 
