@                   x                         y                        z            nabs nscat    abslum      temp    dens        mass       cell_tau  next_n
  0.00000000000000000000e+00  0.00000000000000000000e+00  0.00000000000000000000e+00    0    0  0.0000e+00    0.0  0.0000e+00  0.0000e+00  0.0000e+00    0
  6.34056000000000000000e+11  0.00000000000000000000e+00  0.00000000000000000000e+00    0    0  0.0000e+00    0.0  1.5787e-12  3.6932e+23  7.3104e-02    0
  6.80361706026252563477e+11  0.00000000000000000000e+00  0.00000000000000000000e+00    0    0  0.0000e+00    0.0  1.3711e-12  3.9630e+23  6.8129e-02    0
  7.30049161315329956055e+11  0.00000000000000000000e+00  0.00000000000000000000e+00    0    0  0.0000e+00    0.0  1.1909e-12  4.2524e+23  6.3492e-02    0
  7.83365338196520019531e+11  0.00000000000000000000e+00  0.00000000000000000000e+00    0    0  0.0000e+00    0.0  1.0343e-12  4.5629e+23  5.9170e-02    0
  8.40575245620602294922e+11  0.00000000000000000000e+00  0.00000000000000000000e+00    0    0  0.0000e+00    0.0  8.9827e-13  4.8962e+23  5.5143e-02    0
  9.01963246391279663086e+11  0.00000000000000000000e+00  0.00000000000000000000e+00    0    0  0.0000e+00    0.0  7.8016e-13  5.2537e+23  5.1390e-02    0
  9.67834470595260009766e+11  0.00000000000000000000e+00  0.00000000000000000000e+00    0    0  0.0000e+00    0.0  6.7758e-13  5.6374e+23  4.7893e-02    0
  1.03851633225646630859e+12  0.00000000000000000000e+00  0.00000000000000000000e+00    0    0  0.0000e+00    0.0  5.8849e-13  6.0491e+23  4.4633e-02    0
  1.11436015675293017578e+12  0.00000000000000000000e+00  0.00000000000000000000e+00    0    0  0.0000e+00    0.0  5.1111e-13  6.4909e+23  4.1595e-02    0
  1.19574292708547143555e+12  0.00000000000000000000e+00  0.00000000000000000000e+00    0    0  0.0000e+00    0.0  4.4390e-13  6.9649e+23  3.8764e-02    0
  1.28306915767802246094e+12  0.00000000000000000000e+00  0.00000000000000000000e+00    0    0  0.0000e+00    0.0  3.8553e-13  7.4736e+23  3.6126e-02    0
  1.37677290502335156250e+12  0.00000000000000000000e+00  0.00000000000000000000e+00    0    0  0.0000e+00    0.0  3.3484e-13  8.0194e+23  3.3667e-02    0
  1.47731992516813525391e+12  0.00000000000000000000e+00  0.00000000000000000000e+00    0    0  0.0000e+00    0.0  2.9081e-13  8.6051e+23  3.1376e-02    0
  1.58520998876119482422e+12  0.00000000000000000000e+00  0.00000000000000000000e+00    0    0  0.0000e+00    0.0  2.5257e-13  9.2335e+23  2.9240e-02    0
  1.70097936517188232422e+12  0.00000000000000000000e+00  0.00000000000000000000e+00    0    0  0.0000e+00    0.0  2.1936e-13  9.9078e+23  2.7250e-02    0
  1.82520348802596899414e+12  0.00000000000000000000e+00  0.00000000000000000000e+00    0    0  0.0000e+00    0.0  1.9052e-13  1.0631e+24  2.5396e-02    0
  1.95849981540812646484e+12  0.00000000000000000000e+00  0.00000000000000000000e+00    0    0  0.0000e+00    0.0  1.6547e-13  1.1408e+24  2.3667e-02    0
  2.10153089894768530273e+12  0.00000000000000000000e+00  0.00000000000000000000e+00    0    0  0.0000e+00    0.0  1.4371e-13  1.2241e+24  2.2056e-02    0
  2.25500767704261328125e+12  0.00000000000000000000e+00  0.00000000000000000000e+00    0    0  0.0000e+00    0.0  1.2481e-13  1.3135e+24  2.0555e-02    0
  2.41969300859073828125e+12  0.00000000000000000000e+00  0.00000000000000000000e+00    0    0  0.0000e+00    0.0  1.0840e-13  1.4094e+24  1.9156e-02    0
  2.59640546479268457031e+12  0.00000000000000000000e+00  0.00000000000000000000e+00    0    0  0.0000e+00    0.0  9.4149e-14  1.5123e+24  1.7852e-02    0
  2.78602339787374609375e+12  0.00000000000000000000e+00  0.00000000000000000000e+00    0    0  0.0000e+00    0.0  8.1770e-14  1.6228e+24  1.6637e-02    0
  2.98948930694834326172e+12  0.00000000000000000000e+00  0.00000000000000000000e+00    0    0  0.0000e+00    0.0  7.1018e-14  1.7413e+24  1.5505e-02    0
  3.20781452272766748047e+12  0.00000000000000000000e+00  0.00000000000000000000e+00    0    0  0.0000e+00    0.0  6.1680e-14  1.8685e+24  1.4450e-02    0
  3.44208423435593212891e+12  0.00000000000000000000e+00  0.00000000000000000000e+00    0    0  0.0000e+00    0.0  5.3570e-14  2.0049e+24  1.3466e-02    0
  3.69346288336120019531e+12  0.00000000000000000000e+00  0.00000000000000000000e+00    0    0  0.0000e+00    0.0  4.6526e-14  2.1514e+24  1.2550e-02    0
  3.96319995153151757812e+12  0.00000000000000000000e+00  0.00000000000000000000e+00    0    0  0.0000e+00    0.0  4.0408e-14  2.3085e+24  1.1696e-02    0
  4.25263617148508105469e+12  0.00000000000000000000e+00  0.00000000000000000000e+00    0    0  0.0000e+00    0.0  3.5095e-14  2.4771e+24  1.0900e-02    0
  4.56321019080418847656e+12  0.00000000000000000000e+00  0.00000000000000000000e+00    0    0  0.0000e+00    0.0  3.0480e-14  2.6580e+24  1.0158e-02    0
  4.89646572285715917969e+12  0.00000000000000000000e+00  0.00000000000000000000e+00    0    0  0.0000e+00    0.0  2.6473e-14  2.8521e+24  9.4664e-03    0
  5.25405921985150292969e+12  0.00000000000000000000e+00  0.00000000000000000000e+00    0    0  0.0000e+00    0.0  2.2992e-14  3.0604e+24  8.8221e-03    0
  5.63776810625738085938e+12  0.00000000000000000000e+00  0.00000000000000000000e+00    0    0  0.0000e+00    0.0  1.9969e-14  3.2839e+24  8.2217e-03    0
  6.04949961352572363281e+12  0.00000000000000000000e+00  0.00000000000000000000e+00    0    0  0.0000e+00    0.0  1.7343e-14  3.5237e+24  7.6621e-03    0
  6.49130026001412597656e+12  0.00000000000000000000e+00  0.00000000000000000000e+00    0    0  0.0000e+00    0.0  1.5063e-14  3.7810e+24  7.1406e-03    0
  6.96536602324063964844e+12  0.00000000000000000000e+00  0.00000000000000000000e+00    0    0  0.0000e+00    0.0  1.3082e-14  4.0572e+24  6.6546e-03    0
  7.47405325502683593750e+12  0.00000000000000000000e+00  0.00000000000000000000e+00    0    0  0.0000e+00    0.0  1.1362e-14  4.3535e+24  6.2017e-03    0
  8.01989039378402539062e+12  0.00000000000000000000e+00  0.00000000000000000000e+00    0    0  0.0000e+00    0.0  9.8679e-15  4.6714e+24  5.7796e-03    0
  8.60559053215875781250e+12  0.00000000000000000000e+00  0.00000000000000000000e+00    0    0  0.0000e+00    0.0  8.5704e-15  5.0126e+24  5.3863e-03    0
  9.23406490250529687500e+12  0.00000000000000000000e+00  0.00000000000000000000e+00    0    0  0.0000e+00    0.0  7.4435e-15  5.3786e+24  5.0197e-03    0
  9.90843734721482812500e+12  0.00000000000000000000e+00  0.00000000000000000000e+00    0    0  0.0000e+00    0.0  6.4648e-15  5.7714e+24  4.6780e-03    0
  1.06320598458264199219e+13  0.00000000000000000000e+00  0.00000000000000000000e+00    0    0  0.0000e+00    0.0  5.6147e-15  6.1929e+24  4.3596e-03    0
  1.14085291760975019531e+13  0.00000000000000000000e+00  0.00000000000000000000e+00    0    0  0.0000e+00    0.0  4.8764e-15  6.6452e+24  4.0629e-03    0
  1.22417047918479960938e+13  0.00000000000000000000e+00  0.00000000000000000000e+00    0    0  0.0000e+00    0.0  4.2352e-15  7.1305e+24  3.7864e-03    0
  1.31357280064402089844e+13  0.00000000000000000000e+00  0.00000000000000000000e+00    0    0  0.0000e+00    0.0  3.6784e-15  7.6513e+24  3.5287e-03    0
  1.40950425772463085938e+13  0.00000000000000000000e+00  0.00000000000000000000e+00    0    0  0.0000e+00    0.0  3.1947e-15  8.2100e+24  3.2885e-03    0
  1.51244167934188242188e+13  0.00000000000000000000e+00  0.00000000000000000000e+00    0    0  0.0000e+00    0.0  2.7746e-15  8.8096e+24  3.0647e-03    0
  1.62289671767517929688e+13  0.00000000000000000000e+00  0.00000000000000000000e+00    0    0  0.0000e+00    0.0  2.4098e-15  9.4530e+24  2.8561e-03    0
  1.74141839134380937500e+13  0.00000000000000000000e+00  0.00000000000000000000e+00    0    0  0.0000e+00    0.0  2.0929e-15  1.0143e+25  2.6617e-03    0
  1.86859581431319375000e+13  0.00000000000000000000e+00  0.00000000000000000000e+00    0    0  0.0000e+00    0.0  1.8177e-15  1.0884e+25  2.4806e-03    0
  2.00506112409572500000e+13  0.00000000000000000000e+00  0.00000000000000000000e+00    0    0  0.0000e+00    0.0  1.5787e-15  1.1679e+25  2.3118e-03    0
  2.15149262380086796875e+13  0.00000000000000000000e+00  0.00000000000000000000e+00    0    0  0.0000e+00    0.0  1.3711e-15  1.2532e+25  2.1544e-03    0
  2.30861815365213281250e+13  0.00000000000000000000e+00  0.00000000000000000000e+00    0    0  0.0000e+00    0.0  1.1909e-15  1.3447e+25  2.0078e-03    0
  2.47721870872910625000e+13  0.00000000000000000000e+00  0.00000000000000000000e+00    0    0  0.0000e+00    0.0  1.0343e-15  1.4429e+25  1.8711e-03    0
  2.65813232091658320312e+13  0.00000000000000000000e+00  0.00000000000000000000e+00    0    0  0.0000e+00    0.0  8.9827e-16  1.5483e+25  1.7438e-03    0
  2.85225822435609570312e+13  0.00000000000000000000e+00  0.00000000000000000000e+00    0    0  0.0000e+00    0.0  7.8016e-16  1.6614e+25  1.6251e-03    0
  3.06056132510428554688e+13  0.00000000000000000000e+00  0.00000000000000000000e+00    0    0  0.0000e+00    0.0  6.7758e-16  1.7827e+25  1.5145e-03    0
  3.28407699721463046875e+13  0.00000000000000000000e+00  0.00000000000000000000e+00    0    0  0.0000e+00    0.0  5.8849e-16  1.9129e+25  1.4114e-03    0
  3.52391622908152968750e+13  0.00000000000000000000e+00  0.00000000000000000000e+00    0    0  0.0000e+00    0.0  5.1111e-16  2.0526e+25  1.3154e-03    0
  3.78127114562673984375e+13  0.00000000000000000000e+00  0.00000000000000000000e+00    0    0  0.0000e+00    0.0  4.4390e-16  2.2025e+25  1.2258e-03    0
  4.05742093377627656250e+13  0.00000000000000000000e+00  0.00000000000000000000e+00    0    0  0.0000e+00    0.0  3.8553e-16  2.3634e+25  1.1424e-03    0
  4.35373820068047265625e+13  0.00000000000000000000e+00  0.00000000000000000000e+00    0    0  0.0000e+00    0.0  3.3484e-16  2.5360e+25  1.0646e-03    0
  4.67169579628082265625e+13  0.00000000000000000000e+00  0.00000000000000000000e+00    0    0  0.0000e+00    0.0  2.9081e-16  2.7212e+25  9.9219e-04    0
  5.01287413413530156250e+13  0.00000000000000000000e+00  0.00000000000000000000e+00    0    0  0.0000e+00    0.0  2.5257e-16  2.9199e+25  9.2466e-04    0
  5.37896904689044375000e+13  0.00000000000000000000e+00  0.00000000000000000000e+00    0    0  0.0000e+00    0.0  2.1936e-16  3.1331e+25  8.6173e-04    0
  5.77180021544593515625e+13  0.00000000000000000000e+00  0.00000000000000000000e+00    0    0  0.0000e+00    0.0  1.9052e-16  3.3619e+25  8.0308e-04    0
  6.19332021370902265625e+13  0.00000000000000000000e+00  0.00000000000000000000e+00    0    0  0.0000e+00    0.0  1.6547e-16  3.6075e+25  7.4842e-04    0
  6.64562421389584765625e+13  0.00000000000000000000e+00  0.00000000000000000000e+00    0    0  0.0000e+00    0.0  1.4371e-16  3.8709e+25  6.9748e-04    0
  7.13096040062005937500e+13  0.00000000000000000000e+00  0.00000000000000000000e+00    0    0  0.0000e+00    0.0  1.2481e-16  4.1536e+25  6.5001e-04    0
  7.65174114553211875000e+13  0.00000000000000000000e+00  0.00000000000000000000e+00    0    0  0.0000e+00    0.0  1.0840e-16  4.4570e+25  6.0577e-04    0
  8.21055499805301718750e+13  0.00000000000000000000e+00  0.00000000000000000000e+00    0    0  0.0000e+00    0.0  9.4149e-17  4.7825e+25  5.6454e-04    0
  8.81017955180256250000e+13  0.00000000000000000000e+00  0.00000000000000000000e+00    0    0  0.0000e+00    0.0  8.1770e-17  5.1317e+25  5.2612e-04    0
  9.45359525067501250000e+13  0.00000000000000000000e+00  0.00000000000000000000e+00    0    0  0.0000e+00    0.0  7.1018e-17  5.5065e+25  4.9031e-04    0
  1.01440002031854125000e+14  0.00000000000000000000e+00  0.00000000000000000000e+00    0    0  0.0000e+00    0.0  6.1680e-17  5.9086e+25  4.5694e-04    0
  1.08848260787215625000e+14  0.00000000000000000000e+00  0.00000000000000000000e+00    0    0  0.0000e+00    0.0  5.3570e-17  6.3402e+25  4.2584e-04    0
  1.16797551647142312500e+14  0.00000000000000000000e+00  0.00000000000000000000e+00    0    0  0.0000e+00    0.0  4.6526e-17  6.8032e+25  3.9686e-04    0
  1.25327386695085421875e+14  0.00000000000000000000e+00  0.00000000000000000000e+00    0    0  0.0000e+00    0.0  4.0408e-17  7.3000e+25  3.6985e-04    0
  1.34480163619112781250e+14  0.00000000000000000000e+00  0.00000000000000000000e+00    0    0  0.0000e+00    0.0  3.5095e-17  7.8332e+25  3.4468e-04    0
  1.44301376450327968750e+14  0.00000000000000000000e+00  0.00000000000000000000e+00    0    0  0.0000e+00    0.0  3.0480e-17  8.4052e+25  3.2122e-04    0
  1.54839841691714343750e+14  0.00000000000000000000e+00  0.00000000000000000000e+00    0    0  0.0000e+00    0.0  2.6473e-17  9.0191e+25  2.9935e-04    0
  1.66147940961381375000e+14  0.00000000000000000000e+00  0.00000000000000000000e+00    0    0  0.0000e+00    0.0  2.2992e-17  9.6777e+25  2.7898e-04    0
  1.78281881356275343750e+14  0.00000000000000000000e+00  0.00000000000000000000e+00    0    0  0.0000e+00    0.0  1.9969e-17  1.0385e+26  2.5999e-04    0
  1.91301974830496718750e+14  0.00000000000000000000e+00  0.00000000000000000000e+00    0    0  0.0000e+00    0.0  1.7343e-17  1.1143e+26  2.4230e-04    0
  2.05272937976878968750e+14  0.00000000000000000000e+00  0.00000000000000000000e+00    0    0  0.0000e+00    0.0  1.5063e-17  1.1957e+26  2.2581e-04    0
  2.20264213701897781250e+14  0.00000000000000000000e+00  0.00000000000000000000e+00    0    0  0.0000e+00    0.0  1.3082e-17  1.2830e+26  2.1044e-04    0
  2.36350316392801656250e+14  0.00000000000000000000e+00  0.00000000000000000000e+00    0    0  0.0000e+00    0.0  1.1362e-17  1.3767e+26  1.9612e-04    0
  2.53611202292622562500e+14  0.00000000000000000000e+00  0.00000000000000000000e+00    0    0  0.0000e+00    0.0  9.8679e-18  1.4772e+26  1.8277e-04    0
  2.72132666924022062500e+14  0.00000000000000000000e+00  0.00000000000000000000e+00    0    0  0.0000e+00    0.0  8.5704e-18  1.5851e+26  1.7033e-04    0
  2.92006771537374625000e+14  0.00000000000000000000e+00  0.00000000000000000000e+00    0    0  0.0000e+00    0.0  7.4435e-18  1.7009e+26  1.5874e-04    0
  3.13332300702755500000e+14  0.00000000000000000000e+00  0.00000000000000000000e+00    0    0  0.0000e+00    0.0  6.4648e-18  1.8251e+26  1.4793e-04    0
  3.36215253320302125000e+14  0.00000000000000000000e+00  0.00000000000000000000e+00    0    0  0.0000e+00    0.0  5.6147e-18  1.9584e+26  1.3786e-04    0
  3.60769369489523687500e+14  0.00000000000000000000e+00  0.00000000000000000000e+00    0    0  0.0000e+00    0.0  4.8764e-18  2.1014e+26  1.2848e-04    0
  3.87116695856372000000e+14  0.00000000000000000000e+00  0.00000000000000000000e+00    0    0  0.0000e+00    0.0  4.2352e-18  2.2549e+26  1.1974e-04    0
  4.15388192248140812500e+14  0.00000000000000000000e+00  0.00000000000000000000e+00    0    0  0.0000e+00    0.0  3.6784e-18  2.4195e+26  1.1159e-04    0
  4.45724382611482312500e+14  0.00000000000000000000e+00  0.00000000000000000000e+00    0    0  0.0000e+00    0.0  3.1947e-18  2.5962e+26  1.0399e-04    0
  4.78276053489039187500e+14  0.00000000000000000000e+00  0.00000000000000000000e+00    0    0  0.0000e+00    0.0  2.7746e-18  2.7858e+26  9.6915e-05    0
  5.13205003506481937500e+14  0.00000000000000000000e+00  0.00000000000000000000e+00    0    0  0.0000e+00    0.0  2.4098e-18  2.9893e+26  9.0319e-05    0
  5.50684847595289625000e+14  0.00000000000000000000e+00  0.00000000000000000000e+00    0    0  0.0000e+00    0.0  2.0929e-18  3.2076e+26  8.4172e-05    0
  5.90901879948676625000e+14  0.00000000000000000000e+00  0.00000000000000000000e+00    0    0  0.0000e+00    0.0  1.8177e-18  3.4419e+26  7.8443e-05    0
  6.34056000000002375000e+14  0.00000000000000000000e+00  0.00000000000000000000e+00    0    0  0.0000e+00    0.0  1.5787e-18  0.0000e+00  0.0000e+00    0
