@lambda, lum*lambda/F, npackets
  0.005 0.0000e+00 0.0000e+00 
  0.006 0.0000e+00 0.0000e+00 
  0.006 0.0000e+00 0.0000e+00 
  0.007 0.0000e+00 0.0000e+00 
  0.008 0.0000e+00 0.0000e+00 
  0.009 0.0000e+00 0.0000e+00 
  0.010 0.0000e+00 0.0000e+00 
  0.011 0.0000e+00 0.0000e+00 
  0.012 0.0000e+00 0.0000e+00 
  0.014 0.0000e+00 0.0000e+00 
  0.016 0.0000e+00 0.0000e+00 
  0.017 0.0000e+00 0.0000e+00 
  0.019 0.0000e+00 0.0000e+00 
  0.022 0.0000e+00 0.0000e+00 
  0.024 0.0000e+00 0.0000e+00 
  0.027 0.0000e+00 0.0000e+00 
  0.031 0.0000e+00 0.0000e+00 
  0.034 0.0000e+00 0.0000e+00 
  0.038 0.0000e+00 0.0000e+00 
  0.043 0.0000e+00 0.0000e+00 
  0.048 0.0000e+00 0.0000e+00 
  0.054 0.0000e+00 0.0000e+00 
  0.060 0.0000e+00 0.0000e+00 
  0.068 0.0000e+00 0.0000e+00 
  0.076 0.0000e+00 0.0000e+00 
  0.085 0.0000e+00 0.0000e+00 
  0.095 0.0000e+00 0.0000e+00 
  0.106 0.0000e+00 0.0000e+00 
  0.119 0.0000e+00 0.0000e+00 
  0.134 0.0000e+00 0.0000e+00 
  0.150 0.0000e+00 0.0000e+00 
  0.167 0.0000e+00 0.0000e+00 
  0.188 0.0000e+00 0.0000e+00 
  0.210 0.0000e+00 0.0000e+00 
  0.235 0.0000e+00 0.0000e+00 
  0.263 0.0000e+00 0.0000e+00 
  0.295 0.0000e+00 0.0000e+00 
  0.330 0.0000e+00 0.0000e+00 
  0.370 8.8238e-08 1.0000e+00 
  0.414 2.6471e-07 3.0000e+00 
  0.464 7.9414e-07 9.0000e+00 
  0.520 1.3236e-06 1.5000e+01 
  0.582 3.0883e-06 3.5000e+01 
  0.652 6.2649e-06 7.1000e+01 
  0.730 1.1030e-05 9.0000e+01 
  0.818 1.3324e-05 0.0000e+00 
  0.916 2.1177e-05 0.0000e+00 
  1.026 6.3532e-05 0.0000e+00 
  1.149 5.3975e-04 0.0000e+00 
  1.286 2.5532e-03 0.0000e+00 
  1.441 7.3844e-03 0.0000e+00 
  1.614 1.6149e-02 0.0000e+00 
  1.807 2.6969e-02 0.0000e+00 
  2.024 3.8811e-02 0.0000e+00 
  2.267 5.0820e-02 0.0000e+00 
  2.538 5.7655e-02 0.0000e+00 
  2.843 6.3643e-02 0.0000e+00 
  3.184 6.3347e-02 0.0000e+00 
  3.566 6.2819e-02 0.0000e+00 
  3.993 5.7248e-02 0.0000e+00 
  4.472 5.1603e-02 0.0000e+00 
  5.008 4.6320e-02 0.0000e+00 
  5.609 3.8637e-02 0.0000e+00 
  6.282 3.3138e-02 0.0000e+00 
  7.035 2.6509e-02 0.0000e+00 
  7.879 2.1867e-02 0.0000e+00 
  8.824 1.7044e-02 0.0000e+00 
  9.882 1.3754e-02 0.0000e+00 
 11.068 1.0437e-02 0.0000e+00 
 12.395 8.0393e-03 0.0000e+00 
 13.882 6.2960e-03 0.0000e+00 
 15.546 4.6642e-03 0.0000e+00 
 17.411 3.5874e-03 0.0000e+00 
 19.499 2.6285e-03 0.0000e+00 
 21.838 1.9917e-03 0.0000e+00 
 24.457 1.4342e-03 0.0000e+00 
 27.390 1.0903e-03 0.0000e+00 
 30.675 7.7879e-04 0.0000e+00 
 34.354 5.7178e-04 0.0000e+00 
 38.474 4.2910e-04 0.0000e+00 
 43.089 3.0486e-04 0.0000e+00 
 48.256 2.2748e-04 0.0000e+00 
 54.044 1.5989e-04 0.0000e+00 
 60.526 1.1753e-04 0.0000e+00 
 67.785 8.2767e-05 0.0000e+00 
 75.915 6.1061e-05 0.0000e+00 
 85.019 4.3413e-05 0.0000e+00 
 95.216 3.1677e-05 0.0000e+00 
106.636 2.2942e-05 0.0000e+00 
119.425 1.6148e-05 0.0000e+00 
133.748 1.1647e-05 0.0000e+00 
149.789 8.2061e-06 0.0000e+00 
167.754 6.1766e-06 0.0000e+00 
187.873 4.0589e-06 0.0000e+00 
210.406 3.1766e-06 0.0000e+00 
235.640 2.2059e-06 0.0000e+00 
263.902 1.5000e-06 0.0000e+00 
295.552 1.1471e-06 0.0000e+00 
330.999 7.9414e-07 0.0000e+00 
370.697 5.2943e-07 0.0000e+00 
415.156 4.4119e-07 0.0000e+00 
464.948 2.6471e-07 0.0000e+00 
520.711 2.6471e-07 0.0000e+00 
583.162 4.4119e-07 0.0000e+00 
653.102 0.0000e+00 0.0000e+00 
731.432 0.0000e+00 0.0000e+00 
819.155 0.0000e+00 0.0000e+00 
917.400 0.0000e+00 0.0000e+00 
1027.427 0.0000e+00 0.0000e+00 
1150.650 0.0000e+00 0.0000e+00 
1288.653 0.0000e+00 0.0000e+00 
1443.206 0.0000e+00 0.0000e+00 
1616.295 0.0000e+00 0.0000e+00 
1810.144 0.0000e+00 0.0000e+00 
2027.242 0.0000e+00 0.0000e+00 
2270.377 0.0000e+00 0.0000e+00 
2542.672 0.0000e+00 0.0000e+00 
2847.625 0.0000e+00 0.0000e+00 
3189.152 0.0000e+00 0.0000e+00 
3571.639 0.0000e+00 0.0000e+00 
4000.000 0.0000e+00 0.0000e+00 
