@    x                 y               z           nabs nscat  abslum      temp    dens       mass       cell_tau  next_n
  0.0000000e+00  0.0000000e+00  0.0000000e+00    0    0  0.0000e+00   0.00  0.0000e+00  0.0000e+00  0.0000e+00     0
  5.9856000e+11  0.0000000e+00  0.0000000e+00 311791 149428  4.2037e+31 366.00  1.6723e-13  2.1056e+26  1.0204e+00  313820
  6.7002073e+12  0.0000000e+00  0.0000000e+00 248083 93897  3.3448e+31 244.00  1.6723e-13  1.2590e+27  1.0204e+00  248791
  1.2801855e+13  0.0000000e+00  0.0000000e+00 194432 53286  2.6214e+31 192.00  1.6723e-13  3.2623e+27  1.0204e+00  195560
  1.8903502e+13  0.0000000e+00  0.0000000e+00 159129 30125  2.1455e+31 162.00  1.6723e-13  6.2203e+27  1.0204e+00  160225
  2.5005149e+13  0.0000000e+00  0.0000000e+00 139370 17057  1.8791e+31 143.00  1.6723e-13  1.0133e+28  1.0204e+00  140452
  3.1106797e+13  0.0000000e+00  0.0000000e+00 128690 10100  1.7351e+31 130.00  1.6723e-13  1.5001e+28  1.0204e+00  129551
  3.7208444e+13  0.0000000e+00  0.0000000e+00 121238 5996  1.6346e+31 121.00  1.6723e-13  2.0823e+28  1.0204e+00  125982
  4.3310091e+13  0.0000000e+00  0.0000000e+00 118250 3957  1.5943e+31 113.00  1.6723e-13  2.7600e+28  1.0204e+00  118965
  4.9411739e+13  0.0000000e+00  0.0000000e+00 117540 2485  1.5847e+31 108.00  1.6723e-13  3.5332e+28  1.0204e+00  121693
  5.5513386e+13  0.0000000e+00  0.0000000e+00 118934 1768  1.6035e+31 103.00  1.6723e-13  4.4019e+28  1.0204e+00  119889
  6.1615033e+13  0.0000000e+00  0.0000000e+00 120679 1273  1.6271e+31 100.00  1.6723e-13  5.3661e+28  1.0204e+00  126253
  6.7716681e+13  0.0000000e+00  0.0000000e+00 122699  970  1.6543e+31  96.00  1.6723e-13  6.4257e+28  1.0204e+00  123529
  7.3818328e+13  0.0000000e+00  0.0000000e+00 125783  779  1.6959e+31  94.00  1.6723e-13  7.5808e+28  1.0204e+00  131309
  7.9919976e+13  0.0000000e+00  0.0000000e+00 129133  636  1.7410e+31  91.00  1.6723e-13  8.8314e+28  1.0204e+00  130298
  8.6021623e+13  0.0000000e+00  0.0000000e+00 131994  449  1.7796e+31  89.00  1.6723e-13  1.0177e+29  1.0204e+00  134533
  9.2123270e+13  0.0000000e+00  0.0000000e+00 135542  404  1.8274e+31  87.00  1.6723e-13  1.1619e+29  1.0204e+00  137267
  9.8224918e+13  0.0000000e+00  0.0000000e+00 139533  329  1.8813e+31  86.00  1.6723e-13  1.3156e+29  1.0204e+00  146793
  1.0432656e+14  0.0000000e+00  0.0000000e+00 143411  326  1.9335e+31  84.00  1.6723e-13  1.4789e+29  1.0204e+00  146897
  1.1042821e+14  0.0000000e+00  0.0000000e+00 147743  267  1.9919e+31  83.00  1.6723e-13  1.6517e+29  1.0204e+00  154636
  1.1652986e+14  0.0000000e+00  0.0000000e+00 151485  258  2.0424e+31  81.00  1.6723e-13  1.8340e+29  1.0204e+00  152205
  1.2263151e+14  0.0000000e+00  0.0000000e+00 155661  240  2.0987e+31  80.00  1.6723e-13  2.0259e+29  1.0204e+00  158127
  1.2873315e+14  0.0000000e+00  0.0000000e+00 159536  245  2.1509e+31  79.00  1.6723e-13  2.2273e+29  1.0204e+00  163382
  1.3483480e+14  0.0000000e+00  0.0000000e+00 163014  228  2.1978e+31  78.00  1.6723e-13  2.4383e+29  1.0204e+00  167957
  1.4093645e+14  0.0000000e+00  0.0000000e+00 166286  210  2.2420e+31  77.00  1.6723e-13  2.6589e+29  1.0204e+00  171847
  1.4703810e+14  0.0000000e+00  0.0000000e+00 169492  219  2.2852e+31  76.00  1.6723e-13  2.8890e+29  1.0204e+00  175054
  1.5313974e+14  0.0000000e+00  0.0000000e+00 173131  233  2.3342e+31  75.00  1.6723e-13  3.1286e+29  1.0204e+00  177581
  1.5924139e+14  0.0000000e+00  0.0000000e+00 176216  218  2.3758e+31  74.00  1.6723e-13  3.3778e+29  1.0204e+00  179437
  1.6534304e+14  0.0000000e+00  0.0000000e+00 180309  211  2.4310e+31  73.00  1.6723e-13  3.6365e+29  1.0204e+00  180643
  1.7144469e+14  0.0000000e+00  0.0000000e+00 183760  199  2.4775e+31  73.00  1.6723e-13  3.9048e+29  1.0204e+00  193969
  1.7754633e+14  0.0000000e+00  0.0000000e+00 186822  203  2.5188e+31  72.00  1.6723e-13  4.1826e+29  1.0204e+00  194106
  1.8364798e+14  0.0000000e+00  0.0000000e+00 189855  193  2.5597e+31  71.00  1.6723e-13  4.4700e+29  1.0204e+00  193617
  1.8974963e+14  0.0000000e+00  0.0000000e+00 193380  217  2.6073e+31  71.00  1.6723e-13  4.7669e+29  1.0204e+00  206478
  1.9585128e+14  0.0000000e+00  0.0000000e+00 197075  237  2.6571e+31  70.00  1.6723e-13  5.0734e+29  1.0204e+00  204910
  2.0195292e+14  0.0000000e+00  0.0000000e+00 199337  203  2.6876e+31  69.00  1.6723e-13  5.3894e+29  1.0204e+00  202770
  2.0805457e+14  0.0000000e+00  0.0000000e+00 201904  220  2.7222e+31  69.00  1.6723e-13  5.7150e+29  1.0204e+00  215019
  2.1415622e+14  0.0000000e+00  0.0000000e+00 203930  230  2.7495e+31  68.00  1.6723e-13  6.0501e+29  1.0204e+00  211828
  2.2025786e+14  0.0000000e+00  0.0000000e+00 206692  219  2.7867e+31  67.00  1.6723e-13  6.3947e+29  1.0204e+00  208134
  2.2635951e+14  0.0000000e+00  0.0000000e+00 209383  254  2.8230e+31  67.00  1.6723e-13  6.7489e+29  1.0204e+00  219663
  2.3246116e+14  0.0000000e+00  0.0000000e+00 211677  229  2.8539e+31  66.00  1.6723e-13  7.1127e+29  1.0204e+00  214973
  2.3856281e+14  0.0000000e+00  0.0000000e+00 213206  255  2.8746e+31  66.00  1.6723e-13  7.4860e+29  1.0204e+00  226256
  2.4466445e+14  0.0000000e+00  0.0000000e+00 215513  244  2.9057e+31  65.00  1.6723e-13  7.8689e+29  1.0204e+00  220600
  2.5076610e+14  0.0000000e+00  0.0000000e+00 217403  208  2.9311e+31  65.00  1.6723e-13  8.2613e+29  1.0204e+00  231601
  2.5686775e+14  0.0000000e+00  0.0000000e+00 218266  252  2.9428e+31  64.00  1.6723e-13  8.6632e+29  1.0204e+00  225021
  2.6296940e+14  0.0000000e+00  0.0000000e+00 219336  244  2.9572e+31  64.00  1.6723e-13  9.0747e+29  1.0204e+00  235710
  2.6907104e+14  0.0000000e+00  0.0000000e+00 222265  248  2.9967e+31  63.00  1.6723e-13  9.4957e+29  1.0204e+00  228248
  2.7517269e+14  0.0000000e+00  0.0000000e+00 223331  254  3.0111e+31  63.00  1.6723e-13  9.9263e+29  1.0204e+00  238598
  2.8127434e+14  0.0000000e+00  0.0000000e+00 223526  254  3.0137e+31  62.00  1.6723e-13  1.0366e+30  1.0204e+00  230309
  2.8737599e+14  0.0000000e+00  0.0000000e+00 224982  259  3.0333e+31  62.00  1.6723e-13  1.0816e+30  1.0204e+00  240299
  2.9347763e+14  0.0000000e+00  0.0000000e+00 226822  248  3.0581e+31  61.00  1.6723e-13  1.1275e+30  1.0204e+00  231241
  2.9957928e+14  0.0000000e+00  0.0000000e+00 227097  235  3.0618e+31  61.00  1.6723e-13  1.1744e+30  1.0204e+00  240855
  3.0568093e+14  0.0000000e+00  0.0000000e+00 228695  241  3.0834e+31  60.00  1.6723e-13  1.2223e+30  1.0204e+00  231091
  3.1178257e+14  0.0000000e+00  0.0000000e+00 228827  253  3.0852e+31  60.00  1.6723e-13  1.2710e+30  1.0204e+00  240316
  3.1788422e+14  0.0000000e+00  0.0000000e+00 228453  237  3.0801e+31  59.00  1.6723e-13  1.3208e+30  1.0204e+00  229914
  3.2398587e+14  0.0000000e+00  0.0000000e+00 228898  245  3.0861e+31  59.00  1.6723e-13  1.3715e+30  1.0204e+00  238739
  3.3008752e+14  0.0000000e+00  0.0000000e+00 230053  260  3.1017e+31  59.00  1.6723e-13  1.4231e+30  1.0204e+00  247731
  3.3618916e+14  0.0000000e+00  0.0000000e+00 229245  266  3.0908e+31  58.00  1.6723e-13  1.4757e+30  1.0204e+00  236182
  3.4229081e+14  0.0000000e+00  0.0000000e+00 229106  239  3.0889e+31  58.00  1.6723e-13  1.5293e+30  1.0204e+00  244754
  3.4839246e+14  0.0000000e+00  0.0000000e+00 228615  254  3.0823e+31  57.00  1.6723e-13  1.5838e+30  1.0204e+00  232713
  3.5449411e+14  0.0000000e+00  0.0000000e+00 228538  261  3.0813e+31  57.00  1.6723e-13  1.6393e+30  1.0204e+00  240864
  3.6059575e+14  0.0000000e+00  0.0000000e+00 228124  228  3.0757e+31  56.00  1.6723e-13  1.6957e+30  1.0204e+00  228403
  3.6669740e+14  0.0000000e+00  0.0000000e+00 226886  212  3.0590e+31  56.00  1.6723e-13  1.7531e+30  1.0204e+00  236132
  3.7279905e+14  0.0000000e+00  0.0000000e+00 225757  238  3.0438e+31  56.00  1.6723e-13  1.8114e+30  1.0204e+00  243989
  3.7890070e+14  0.0000000e+00  0.0000000e+00 225196  260  3.0362e+31  55.00  1.6723e-13  1.8707e+30  1.0204e+00  230637
  3.8500234e+14  0.0000000e+00  0.0000000e+00 225013  245  3.0337e+31  55.00  1.6723e-13  1.9310e+30  1.0204e+00  238064
  3.9110399e+14  0.0000000e+00  0.0000000e+00 222393  246  2.9984e+31  54.00  1.6723e-13  1.9922e+30  1.0204e+00  224449
  3.9720564e+14  0.0000000e+00  0.0000000e+00 221052  235  2.9803e+31  54.00  1.6723e-13  2.0543e+30  1.0204e+00  231451
  4.0330728e+14  0.0000000e+00  0.0000000e+00 220428  220  2.9719e+31  54.00  1.6723e-13  2.1174e+30  1.0204e+00  238562
  4.0940893e+14  0.0000000e+00  0.0000000e+00 217820  225  2.9368e+31  53.00  1.6723e-13  2.1815e+30  1.0204e+00  224233
  4.1551058e+14  0.0000000e+00  0.0000000e+00 216108  223  2.9137e+31  53.00  1.6723e-13  2.2465e+30  1.0204e+00  230916
  4.2161223e+14  0.0000000e+00  0.0000000e+00 214527  239  2.8924e+31  52.00  1.6723e-13  2.3125e+30  1.0204e+00  216488
  4.2771387e+14  0.0000000e+00  0.0000000e+00 211571  225  2.8525e+31  52.00  1.6723e-13  2.3794e+30  1.0204e+00  222754
  4.3381552e+14  0.0000000e+00  0.0000000e+00 209555  233  2.8253e+31  52.00  1.6723e-13  2.4473e+30  1.0204e+00  229109
  4.3991717e+14  0.0000000e+00  0.0000000e+00 206672  208  2.7865e+31  51.00  1.6723e-13  2.5161e+30  1.0204e+00  214154
  4.4601882e+14  0.0000000e+00  0.0000000e+00 204958  245  2.7634e+31  51.00  1.6723e-13  2.5859e+30  1.0204e+00  220094
  4.5212046e+14  0.0000000e+00  0.0000000e+00 202040  218  2.7240e+31  50.00  1.6723e-13  2.6567e+30  1.0204e+00  205196
  4.5822211e+14  0.0000000e+00  0.0000000e+00 199577  206  2.6908e+31  50.00  1.6723e-13  2.7284e+30  1.0204e+00  210734
  4.6432376e+14  0.0000000e+00  0.0000000e+00 195848  182  2.6405e+31  49.00  1.6723e-13  2.8010e+30  1.0204e+00  195951
  4.7042541e+14  0.0000000e+00  0.0000000e+00 191889  207  2.5871e+31  49.00  1.6723e-13  2.8747e+30  1.0204e+00  201100
  4.7652705e+14  0.0000000e+00  0.0000000e+00 188614  192  2.5430e+31  49.00  1.6723e-13  2.9492e+30  1.0204e+00  206317
  4.8262870e+14  0.0000000e+00  0.0000000e+00 185094  208  2.4955e+31  48.00  1.6723e-13  3.0247e+30  1.0204e+00  191269
  4.8873035e+14  0.0000000e+00  0.0000000e+00 181962  214  2.4533e+31  48.00  1.6723e-13  3.1012e+30  1.0204e+00  196105
  4.9483200e+14  0.0000000e+00  0.0000000e+00 177580  193  2.3942e+31  47.00  1.6723e-13  3.1787e+30  1.0204e+00  181311
  5.0093364e+14  0.0000000e+00  0.0000000e+00 173989  170  2.3458e+31  47.00  1.6723e-13  3.2570e+30  1.0204e+00  185782
  5.0703529e+14  0.0000000e+00  0.0000000e+00 170060  167  2.2928e+31  46.00  1.6723e-13  3.3364e+30  1.0204e+00  171295
  5.1313694e+14  0.0000000e+00  0.0000000e+00 164925  181  2.2236e+31  46.00  1.6723e-13  3.4167e+30  1.0204e+00  175417
  5.1923858e+14  0.0000000e+00  0.0000000e+00 160382  157  2.1624e+31  45.00  1.6723e-13  3.4979e+30  1.0204e+00  161279
  5.2534023e+14  0.0000000e+00  0.0000000e+00 155464  152  2.0960e+31  45.00  1.6723e-13  3.5801e+30  1.0204e+00  165069
  5.3144188e+14  0.0000000e+00  0.0000000e+00 150452  155  2.0285e+31  44.00  1.6723e-13  3.6633e+30  1.0204e+00  151325
  5.3754353e+14  0.0000000e+00  0.0000000e+00 145083  153  1.9561e+31  44.00  1.6723e-13  3.7474e+30  1.0204e+00  154800
  5.4364517e+14  0.0000000e+00  0.0000000e+00 140020  125  1.8878e+31  43.00  1.6723e-13  3.8325e+30  1.0204e+00  141487
  5.4974682e+14  0.0000000e+00  0.0000000e+00 134792  151  1.8173e+31  43.00  1.6723e-13  3.9185e+30  1.0204e+00  144663
  5.5584847e+14  0.0000000e+00  0.0000000e+00 129339  138  1.7438e+31  42.00  1.6723e-13  4.0055e+30  1.0204e+00  131816
  5.6195012e+14  0.0000000e+00  0.0000000e+00 122939  126  1.6575e+31  42.00  1.6723e-13  4.0934e+30  1.0204e+00  134710
  5.6805176e+14  0.0000000e+00  0.0000000e+00 117066  127  1.5783e+31  41.00  1.6723e-13  4.1823e+30  1.0204e+00  122360
  5.7415341e+14  0.0000000e+00  0.0000000e+00 109635  122  1.4782e+31  40.00  1.6723e-13  4.2722e+30  1.0204e+00  110801
  5.8025506e+14  0.0000000e+00  0.0000000e+00 102438   90  1.3811e+31  40.00  1.6723e-13  4.3630e+30  1.0204e+00  113156
  5.8635671e+14  0.0000000e+00  0.0000000e+00 94303   99  1.2714e+31  39.00  1.6723e-13  4.4547e+30  1.0204e+00  102116
  5.9245835e+14  0.0000000e+00  0.0000000e+00 85502   92  1.1528e+31  38.00  1.6723e-13  4.5474e+30  1.0204e+00  91846
  5.9856000e+14  0.0000000e+00  0.0000000e+00    0    0  0.0000e+00   0.00  1.6723e-13  0.0000e+00  0.0000e+00     0
